-2.15213513 -1.85173380 -1.06653309
-2.15231991 -1.85178339 -1.08775067
-2.17729139 -1.84846127 -1.05661702
-2.17736459 -1.84842396 -1.08595288
-2.17826414 -1.84792840 -1.07692826
-2.18079233 -1.84628654 -1.08464849
-2.18900824 -1.83806372 -1.06659055
-2.18961835 -1.83712423 -1.07235551
-2.19350791 -1.82932925 -1.07169223
-2.19316006 -1.83023524 -1.07982409
-2.19281983 -1.80445790 -1.07018816
-2.19284821 -1.80453193 -1.09450722
-2.18900394 -1.79750943 -1.07840180
-2.18933702 -1.79802239 -1.08986950
-2.17949176 -1.78844857 -1.06288886
-2.18078065 -1.78928566 -1.08289945
-2.17734909 -1.78714800 -1.08234715
-2.17752314 -1.78723669 -1.06100869
-2.15056515 -1.78426659 -1.06150305
-2.15095973 -1.78416085 -1.09221649
-2.14224648 -1.78796756 -1.08488524
-2.13992715 -1.78947377 -1.06897128
-2.13847613 -1.79064858 -1.07768369
-2.13962698 -1.78971660 -1.05708683
-2.13117647 -1.79876733 -1.07905161
-2.13023257 -1.80022085 -1.08345032
-2.12725115 -1.80687165 -1.06258571
-2.12804437 -1.80480528 -1.07445693
-2.12790680 -1.83041644 -1.07415009
-2.12761903 -1.82966673 -1.09092867
-2.13070774 -1.83609045 -1.06144702
-2.13061118 -1.83594203 -1.08236372
-2.13852930 -1.84497428 -1.06833375
-2.13873100 -1.84513760 -1.07980895
-2.14214683 -1.84754765 -1.08453429
-2.14011717 -1.84622943 -1.07361436
-2.18628097 -1.83045876 -1.05649996
-2.17287159 -1.84549892 -1.05649996
-2.18928695 -1.82815552 -1.05649996
-2.17265320 -1.82762730 -1.05649996
-2.15776467 -1.84144711 -1.05649996
-2.15814710 -1.81883061 -1.05649996
-2.16203809 -1.81287682 -1.05649996
-2.17065954 -1.81370842 -1.05649996
-2.17226124 -1.79690552 -1.05649996
-2.14716244 -1.83578622 -1.05649996
-2.15007496 -1.81808531 -1.05649996
-2.14457703 -1.80267584 -1.05649996
-2.15572882 -1.79296219 -1.05649996
-2.13180470 -1.82770455 -1.05649996
-2.12994504 -1.81845880 -1.05649996
-2.13338614 -1.80096555 -1.09669995
-2.13709426 -1.80212653 -1.09669995
-2.15539289 -1.79876351 -1.09669995
-2.14476681 -1.81428659 -1.09669995
-2.14322400 -1.80575943 -1.09669995
-2.13832951 -1.81815791 -1.09669995
-2.12795973 -1.82871842 -1.09669995
-2.15419459 -1.79319108 -1.09669995
-2.13655472 -1.83392417 -1.09669995
-2.16732502 -1.78705323 -1.09669995
-2.14416456 -1.83418119 -1.09669995
-2.16950059 -1.80343521 -1.09669995
-2.15385628 -1.83839095 -1.09669995
-2.14947748 -1.83622658 -1.09669995
-2.18440676 -1.80440152 -1.09669995
-2.15283608 -1.84232497 -1.09669995
-2.18735909 -1.81855595 -1.09669995
-2.16910815 -1.83424389 -1.09669995
-2.18220949 -1.83284926 -1.09669995
-2.17177963 -1.85026062 -1.09669995
-2.16884398 -1.84321141 -1.09669995
-2.17280126 -1.84598267 -1.09669995
-2.14595366 -1.77013242 -0.09208129
-2.19797397 -1.80016637 -0.07203110
-2.13004994 -1.76095057 -0.10368600
-2.15293670 -1.77416420 -0.07529102
-2.16940093 -1.78366971 -0.08599469
-2.16477752 -1.78100049 -0.06642719
-2.20789671 -1.80589521 -0.06599531
-2.18421555 -1.79222298 -0.07542166
-2.17597795 -1.78746700 -0.10823049
-2.21580338 -1.81046021 -0.09113800
-2.21018863 -1.80721855 -0.10700733
-2.20543003 -1.80447114 -0.10304925
-2.19929147 -1.80092704 -0.07728247
-2.20449495 -1.80393124 -0.10574076
-2.21820879 -1.81184900 -0.10883300
-2.14110470 -1.76733303 -0.11039761
-2.21551275 -1.82428384 -0.07583044
-2.20869279 -1.83609653 -0.09183443
-2.20253181 -1.84676766 -0.08208494
-2.19985080 -1.85141146 -0.06381732
-2.21304107 -1.82856512 -0.06375259
-2.20604563 -1.84068131 -0.09567291
-2.18982983 -1.86876810 -0.06930579
-2.19115520 -1.86647236 -0.09246425
-2.20727539 -1.83855140 -0.10237285
-2.20073414 -1.84988117 -0.09788197
-2.13502574 -1.84234285 -0.06259332
-2.13136506 -1.84022939 -0.06306108
-2.18466854 -1.87100422 -0.08600014
-2.13731766 -1.84366620 -0.07033696
-2.18020964 -1.86842978 -0.08018684
-2.15879226 -1.85606444 -0.09294978
-2.17938805 -1.86795557 -0.09005675
-2.14861035 -1.85018599 -0.06275172
-2.12946248 -1.83913100 -0.08527302
-2.14195752 -1.84634495 -0.09370060
-2.09586954 -1.81973612 -0.07746060
-2.10688138 -1.82609367 -0.11141815
-2.14504957 -1.84813011 -0.10959362
-2.12933326 -1.83905637 -0.08593072
-2.09853864 -1.82127702 -0.07682032
-2.12582922 -1.83703327 -0.10388297
-2.10596514 -1.80202591 -0.06830589
-2.11443472 -1.78735602 -0.06520866
-2.10029149 -1.81185269 -0.10036391
-2.10786676 -1.79873192 -0.08210059
-2.11014462 -1.79478681 -0.07850981
-2.12111950 -1.77577758 -0.08307729
-2.11863852 -1.78007495 -0.10541621
-2.12578988 -1.76768851 -0.07175975
-2.12511373 -1.76885951 -0.09835356
-2.10327411 -1.80668700 -0.10474695
-2.16102672 -1.84183192 -0.11150007
-2.12188125 -1.83202875 -0.11150007
-2.19796658 -1.84598684 -0.11150007
-2.17117786 -1.82565963 -0.11150007
-2.18490314 -1.85044110 -0.11150007
-2.12938404 -1.82136858 -0.11150007
-2.17260647 -1.81809950 -0.11150007
-2.17376184 -1.81695890 -0.11150007
-2.17232776 -1.83393097 -0.11150007
-2.20742536 -1.82457983 -0.11150007
-2.15224004 -1.81924617 -0.11150007
-2.12925148 -1.79955041 -0.11150007
-2.13807297 -1.80149841 -0.11150007
-2.16986394 -1.80760670 -0.11150007
-2.11810923 -1.80799997 -0.11150007
-2.16730547 -1.78393924 -0.11150007
-2.14586830 -1.77817070 -0.11150007
-2.14733672 -1.78449357 -0.11150007
-2.19488668 -1.81474721 -0.11150007
-2.15478802 -1.77836561 -0.11150007
-2.14985490 -1.79206371 -0.11150007
-2.14604831 -1.79041767 -0.11150007
-2.14236641 -1.82907283 -0.06170000
-2.12132692 -1.80076408 -0.06170000
-2.14267063 -1.79753721 -0.06170000
-2.11681366 -1.79395843 -0.06170000
-2.17766237 -1.85890961 -0.06170000
-2.14223385 -1.78757381 -0.06170000
-2.14922357 -1.85011840 -0.06170000
-2.15972900 -1.82634532 -0.06170000
-2.17530107 -1.85917282 -0.06170000
-2.15825486 -1.83654130 -0.06170000
-2.11527562 -1.78914785 -0.06170000
-2.17211175 -1.81634879 -0.06170000
-2.20141387 -1.81292152 -0.06170000
-2.17327762 -1.82013166 -0.06170000
-2.20089316 -1.80289531 -0.06170000
-2.18506098 -1.86160326 -0.06170000
-2.16799831 -1.81848645 -0.06170000
-2.14988852 -1.79262793 -0.06170000
-2.20470500 -1.82838106 -0.06170000
-2.18391275 -1.79495394 -0.06170000
-2.18884659 -1.81205499 -0.06170000
-2.19226074 -1.84377062 -0.06170000
-2.04800820 -1.87398553 -0.83937460
-2.05081868 -1.87570858 -0.50548941
-2.04926801 -1.87475789 -0.72612286
-2.04850507 -1.87429023 -0.79580349
-2.04989600 -1.87514293 -0.54093724
-2.04782510 -1.87387323 -0.64556944
-2.04678202 -1.87323380 -0.58850658
-2.04639888 -1.87298334 -0.61175591
-2.02830172 -1.85756576 -0.56675291
-2.03193521 -1.86138439 -0.55290359
-2.02262783 -1.85087681 -0.55030668
-2.15433693 -1.69305837 -0.59994012
-2.15217853 -1.69191027 -0.78096300
-2.15563679 -1.69374967 -0.51824343
-2.15538216 -1.69361436 -0.54168338
-2.15551066 -1.69368267 -0.85265505
-2.15185094 -1.69173610 -0.74065089
-2.11778712 -1.68156087 -0.54541904
-2.13158941 -1.68405044 -0.55537677
-2.13751864 -1.68576455 -0.54838741
-2.13449883 -1.68480074 -0.55483961
-2.14314055 -1.68776882 -0.55316657
-2.14428949 -1.68823671 -0.55275863
-2.15023589 -1.69087911 -0.84253031
-2.14869475 -1.69015062 -0.87464035
-2.15064287 -1.69107735 -0.84925300
-2.15047455 -1.69100344 -0.79840904
-2.14625287 -1.68904531 -0.91476411
-2.14667368 -1.68923211 -0.86835235
-2.14331174 -1.68785346 -0.83992040
-2.05050993 -1.87551951 -0.48639348
-2.04643869 -1.87300646 -0.54608566
-2.14708376 -1.68943632 -0.81784666
-2.14380813 -1.68800914 -0.80772072
-2.15022898 -1.69087994 -0.69201124
-2.15007520 -1.69081116 -0.66721797
-2.15456986 -1.69318211 -0.54892290
-2.15249395 -1.69204545 -0.56456083
-2.15059566 -1.69105446 -0.54632401
-2.15425682 -1.69299793 -0.49838883
-2.15194702 -1.69176650 -0.98965472
-2.14255333 -1.68752158 -0.87278676
-2.14569044 -1.68883061 -0.72163635
-2.14160967 -1.68717611 -0.73129255
-2.14439154 -1.68830371 -0.66607803
-2.14456105 -1.68833888 -0.91384578
-2.13922977 -1.68630230 -0.90506572
-2.14625573 -1.68908942 -0.74403113
-2.13967276 -1.68645442 -0.69719285
-2.13624382 -1.68536091 -0.69297826
-2.04571962 -1.87250006 -0.67067575
-2.04432631 -1.87152362 -0.69621581
-2.04741454 -1.87361979 -0.92468077
-2.04696608 -1.87331116 -1.00192487
-2.04446244 -1.87164700 -0.90168130
-2.03335166 -1.86270881 -0.89095575
-2.04111242 -1.86923552 -0.87226093
-2.04369950 -1.87112141 -0.89156258
-2.03925323 -1.86781549 -0.77327514
-2.04458833 -1.87171590 -0.80515879
-2.03852105 -1.86723840 -0.78129804
-2.03747106 -1.86633086 -0.70961988
-2.04141092 -1.86949205 -0.71754134
-2.04241180 -1.87023485 -0.66913164
-2.04296350 -1.87061059 -0.93888175
-2.04043436 -1.86871958 -0.91124952
-2.03759360 -1.86646068 -0.89589459
-2.04433942 -1.87152934 -0.62893146
-2.15085316 -1.69120049 -0.57301122
-2.14959741 -1.69060385 -0.60311210
-2.01871467 -1.84484875 -0.56518275
-2.01962185 -1.84602845 -0.53506821
-2.10774088 -1.68124413 -0.54293340
-2.05937457 -1.88064945 -0.97580755
-2.07510757 -1.88973284 -0.92754203
-2.10271788 -1.90567362 -0.72513974
-2.09502316 -1.90123117 -0.65985852
-2.09937811 -1.90374553 -0.93840438
-2.05951118 -1.88072836 -0.96830589
-2.05743861 -1.87953174 -1.01139593
-2.08289838 -1.89423084 -0.87409472
-2.08540392 -1.89567745 -0.82776827
-2.08452034 -1.89516735 -0.84501469
-2.09636211 -1.90200412 -0.78739899
-2.09503365 -1.90123713 -0.93153244
-2.07653284 -1.89055574 -0.97597766
-2.07428885 -1.88926017 -0.94605935
-2.08948684 -1.89803481 -0.65578359
-2.06950378 -1.88649762 -0.96466666
-2.09977579 -1.90397513 -0.55902982
-2.06575298 -1.88433194 -0.98931849
-2.07888913 -1.89191616 -0.95617616
-2.07269669 -1.88834095 -1.01911402
-2.07670045 -1.89065254 -0.90369552
-2.08385205 -1.89478147 -1.02272713
-2.09382296 -1.90053821 -0.72333437
-2.09097934 -1.89889646 -0.98041052
-2.06456089 -1.88364375 -0.90121686
-2.09316444 -1.90015793 -0.85722512
-2.09264183 -1.89985633 -0.86863267
-2.09901142 -1.90353382 -0.58014804
-2.07543659 -1.88992286 -1.01090133
-2.10086799 -1.90460563 -0.85184473
-2.06121802 -1.88171375 -0.93296921
-2.10170794 -1.90509057 -0.79166424
-2.05628777 -1.87886715 -0.99272782
-2.09890652 -1.90347314 -0.95616859
-2.06640768 -1.88470995 -0.89930850
-2.08871937 -1.89759159 -0.93799639
-2.06936431 -1.88641691 -0.93749249
-2.09114385 -1.89899135 -0.65477854
-2.09795642 -1.90292478 -0.99932885
-2.10055041 -1.90442228 -0.54343396
-2.08699656 -1.89659691 -1.02361071
-2.09291863 -1.90001607 -0.65506518
-2.08023143 -1.89269114 -0.83941001
-2.10449386 -1.90669894 -0.69380116
-2.08954382 -1.89806771 -0.70965087
-2.08235693 -1.89391828 -0.86260939
-2.06829357 -1.88579869 -1.02375102
-2.09596515 -1.90177500 -0.96393460
-2.08647871 -1.89629805 -0.68680292
-2.05481315 -1.87801588 -0.66319335
-2.08162355 -1.89349484 -0.56285012
-2.09199142 -1.89948082 -0.51547188
-2.06085324 -1.88150311 -0.62700146
-2.05398536 -1.87753797 -0.74461347
-2.06783843 -1.88553596 -0.53969669
-2.06075549 -1.88144672 -0.75954062
-2.05462885 -1.87790942 -0.59034055
-2.05871844 -1.88027060 -0.56430727
-2.07410955 -1.88915670 -0.66099912
-2.07002282 -1.88679707 -0.82810283
-2.07065701 -1.88716328 -0.67198628
-2.06094527 -1.88155627 -0.91619968
-2.07025552 -1.88693154 -0.66644394
-2.06545734 -1.88416123 -0.55672401
-2.05457020 -1.87787557 -0.88010287
-2.05129862 -1.87598670 -0.85845804
-2.06924582 -1.88634849 -0.71184915
-2.05914974 -1.88051963 -0.83033383
-2.05151463 -1.87611139 -0.53929347
-2.07771087 -1.89123583 -0.51731795
-2.06633091 -1.88466561 -0.53330725
-2.06678724 -1.88492906 -0.50036180
-2.09214211 -1.89956772 -0.50828415
-2.06912827 -1.88628078 -0.52031678
-2.07116127 -1.88745439 -0.68339700
-2.07993054 -1.89251745 -0.52739429
-2.05962491 -1.88079393 -0.85733259
-2.08241034 -1.89394915 -0.70896316
-2.07215142 -1.88802612 -0.72088170
-2.07876730 -1.89184570 -0.59549326
-2.05846858 -1.88012624 -0.90160203
-2.05697298 -1.87926280 -0.51191115
-2.05670953 -1.87911069 -0.63392836
-2.09427857 -1.90080118 -0.49903232
-2.05123401 -1.87594950 -0.50708181
-2.05714583 -1.87936258 -0.83248872
-2.05593157 -1.87866163 -0.73011798
-2.05538416 -1.87834549 -0.70419550
-2.07468510 -1.88948894 -0.67158902
-2.10157466 -1.90501368 -0.52290237
-2.06097960 -1.88157606 -0.61716557
-2.08151460 -1.89343190 -0.71284205
-2.07952499 -1.89228320 -0.56488687
-2.06782770 -1.88552976 -0.62248099
-2.05120015 -1.87592995 -0.95766091
-2.06211734 -1.88223290 -0.56348318
-2.09202647 -1.89950109 -0.59135079
-2.05307579 -1.87701285 -0.92028588
-2.05305099 -1.87699854 -0.76040494
-2.09303212 -1.90008163 -0.51031822
-2.21162033 -1.72613180 -0.83042753
-2.21078396 -1.72562027 -0.89276636
-2.21126699 -1.72591555 -0.82488483
-2.20978093 -1.72500670 -0.90395921
-2.21086407 -1.72567463 -0.99552608
-2.21418786 -1.72772717 -0.94742292
-2.21554518 -1.72865617 -0.88803393
-2.21589398 -1.72888589 -0.94241118
-2.21770525 -1.73014951 -0.88460457
-2.21891570 -1.73105752 -1.01479542
-2.21977091 -1.73170006 -0.88495773
-2.22064376 -1.73235452 -0.93515146
-2.22128248 -1.73288333 -0.98089284
-2.22349453 -1.73468673 -0.97722411
-2.22338104 -1.73458755 -0.92975724
-2.22480011 -1.73578537 -0.95862812
-2.22576118 -1.73667157 -1.00574875
-2.22719073 -1.73798466 -0.97078544
-2.22872758 -1.73941612 -1.01802230
-2.22719169 -1.73798335 -0.89884067
-2.23012018 -1.74084902 -0.88317275
-2.22947478 -1.74017644 -0.87806290
-2.23278499 -1.74364698 -0.99272460
-2.23236752 -1.74319851 -0.92538089
-2.23339248 -1.74433374 -0.97069389
-2.23641777 -1.74790251 -0.95694065
-2.23514891 -1.74637020 -0.89359832
-2.23488259 -1.74606824 -0.86387199
-2.23891759 -1.75117934 -0.96662521
-2.23818207 -1.75020361 -1.00351584
-2.23781610 -1.74971020 -0.87036705
-2.23678708 -1.74839103 -0.87885803
-2.24143529 -1.75474215 -0.92885303
-2.24101782 -1.75412405 -0.97383225
-2.24023747 -1.75297737 -0.99290454
-2.24038434 -1.75320017 -0.94836521
-2.24344397 -1.75785279 -0.99310958
-2.24272013 -1.75673115 -0.85799533
-2.24529409 -1.76104403 -0.98945642
-2.24428439 -1.75925577 -0.97932333
-2.24573708 -1.76180589 -0.87538218
-2.24630690 -1.76283062 -0.96348828
-2.24765038 -1.76541841 -0.89829630
-2.24700832 -1.76412451 -0.92558563
-2.24795604 -1.76607382 -1.02165508
-2.24743915 -1.76498532 -0.97768754
-2.24934220 -1.76893401 -0.85474414
-2.24968505 -1.76969492 -0.91672337
-2.25015020 -1.77074540 -0.95636863
-2.25090218 -1.77251768 -0.86870289
-2.25139236 -1.77376366 -0.90721178
-2.25120378 -1.77327311 -0.89031416
-2.25306129 -1.77841854 -0.98558879
-2.25381279 -1.78065777 -1.00296068
-2.25314379 -1.77859986 -0.89903617
-2.25362635 -1.78008115 -0.95085758
-2.25444818 -1.78280103 -0.92778736
-2.25476003 -1.78399456 -1.01160991
-2.25508380 -1.78512919 -0.85557204
-2.25556374 -1.78692937 -0.89776540
-2.25571346 -1.78756607 -0.91713560
-2.25581026 -1.78803694 -0.85462838
-2.25643539 -1.79091728 -0.90239471
-2.25689149 -1.79328144 -0.99985236
-2.25680351 -1.79279590 -0.89194280
-2.25704527 -1.79425836 -0.88147789
-2.25744081 -1.79671013 -0.88831156
-2.25747180 -1.79720390 -1.01487517
-2.25797105 -1.80100715 -0.94117051
-2.25790620 -1.80048954 -0.91062081
-2.25807929 -1.80216253 -0.92937845
-2.25811791 -1.80265570 -0.88119614
-2.25818920 -1.80351794 -0.98533630
-2.25824499 -1.80434895 -1.00784171
-2.25843477 -1.80808687 -0.98876458
-2.25849295 -1.81070983 -1.00370908
-2.25843716 -1.80824745 -0.88027573
-2.25847530 -1.81020176 -0.87370402
-2.25847960 -1.81317270 -0.88195604
-2.25846863 -1.81392479 -0.98898971
-2.25838733 -1.81658745 -0.96441579
-2.25823736 -1.81906879 -1.00907505
-2.25814557 -1.82024729 -0.95350468
-2.25831437 -1.81790578 -0.89777017
-2.25793719 -1.82232964 -0.97907883
-2.25799155 -1.82182622 -0.96992761
-2.25751758 -1.82604122 -1.01041651
-2.25681329 -1.83041322 -0.97926271
-2.25788927 -1.82296753 -0.86721903
-2.25762892 -1.82522047 -0.99064791
-2.25656796 -1.83186543 -1.01554668
-2.25664115 -1.83143497 -0.98656410
-2.25640631 -1.83265758 -0.91174048
-2.25633693 -1.83296001 -0.96055782
-2.25607991 -1.83407676 -1.01279402
-2.25609279 -1.83404207 -0.98221409
-2.25384474 -1.84280002 -0.96621257
-2.25446606 -1.84069359 -0.93267584
-2.25480604 -1.83946204 -0.94328612
-2.25467539 -1.83994591 -0.95193785
-2.25362206 -1.84356439 -0.88439631
-2.25300622 -1.84548330 -0.90929270
-2.25233984 -1.84748030 -0.95239002
-2.25224400 -1.84773600 -0.87914789
-2.25140834 -1.84996319 -0.89069802
-2.25086689 -1.85141909 -0.94385689
-2.24916291 -1.85543942 -0.98512816
-2.24922061 -1.85529685 -1.00201452
-2.24923396 -1.85527492 -0.97163826
-2.24899220 -1.85583282 -0.92464542
-2.24804068 -1.85788190 -0.92763197
-2.24761605 -1.85876060 -0.85782462
-2.24629331 -1.86146450 -0.91765982
-2.24719334 -1.85961282 -0.96945620
-2.24527025 -1.86334825 -0.91077846
-2.24499393 -1.86384714 -0.86072809
-2.24381852 -1.86596513 -0.93888265
-2.24553919 -1.86285675 -1.00890923
-2.24289703 -1.86752307 -0.93242967
-2.24228978 -1.86852193 -0.93913054
-2.24162245 -1.86960924 -0.94219589
-2.24083185 -1.87084734 -0.91368711
-2.23862624 -1.87411118 -0.87751782
-2.24006867 -1.87197268 -0.86798364
-2.23835230 -1.87449682 -0.89668047
-2.23800492 -1.87495816 -0.95596051
-2.23580217 -1.87793970 -0.86480868
-2.23722219 -1.87604368 -0.89548045
-2.23382068 -1.88041139 -1.01852489
-2.23553610 -1.87830770 -0.91409624
-2.21117759 -1.72586095 -0.62268227
-2.21124911 -1.72590458 -0.62790471
-2.23246765 -1.88208950 -1.00213361
-2.23350167 -1.88081706 -0.90371126
-2.23099113 -1.88374913 -0.97656536
-2.23119450 -1.88352489 -0.96177685
-2.21532917 -1.72851455 -0.76479059
-2.21509171 -1.72835207 -0.68682629
-2.21823859 -1.73053896 -0.71914154
-2.22094417 -1.73260307 -0.82133400
-2.21754932 -1.73003471 -0.80257756
-2.21698809 -1.72965050 -0.78678459
-2.22906470 -1.88589168 -0.89414793
-2.23008108 -1.88476717 -0.85154504
-2.22314310 -1.73439956 -0.79684854
-2.22290301 -1.73419607 -0.80576003
-2.22156191 -1.73307443 -0.83897632
-2.21988177 -1.73179257 -0.72907841
-2.22747803 -1.88754916 -0.91998464
-2.22511554 -1.88992596 -0.85413247
-2.22441411 -1.89060116 -1.01250505
-2.22704053 -1.88798404 -0.99870795
-2.22439456 -1.73546040 -0.69818592
-2.22473955 -1.73575294 -0.73470503
-2.22198796 -1.89281809 -0.88111508
-2.22384286 -1.89113104 -0.96649581
-2.22079706 -1.89388585 -0.89877594
-2.22161245 -1.89315450 -0.90874201
-2.22842193 -1.73914421 -0.77744651
-2.22820210 -1.73893738 -0.80915946
-2.22716713 -1.73796463 -0.73612088
-2.22585750 -1.73673379 -0.82230633
-2.22010040 -1.89448440 -0.96580184
-2.21829915 -1.89596605 -0.87608486
-2.21839571 -1.89588785 -0.96480864
-2.21758652 -1.89652669 -0.99373859
-2.22924042 -1.73992884 -0.70429569
-2.22982621 -1.74053884 -0.68195695
-2.22993255 -1.74064958 -0.84738982
-2.23214889 -1.74295747 -0.78157973
-2.21518826 -1.89842927 -0.98410940
-2.21566463 -1.89804852 -0.88989723
-2.21309185 -1.89996088 -0.93363798
-2.21332049 -1.89980435 -0.90915906
-2.23440862 -1.74552393 -0.82204545
-2.23496842 -1.74616981 -0.72609055
-2.23453283 -1.74566710 -0.73915309
-2.23282218 -1.74369383 -0.81182361
-2.21006584 -1.90205860 -0.88479155
-2.21079683 -1.90155447 -0.86193961
-2.20580006 -1.90477788 -1.01948917
-2.20691514 -1.90407813 -0.98760772
-2.23881316 -1.75099516 -0.71521950
-2.24061608 -1.75356078 -0.82005268
-2.23812747 -1.75011444 -0.83389777
-2.23688531 -1.74852479 -0.80360258
-2.23834300 -1.75039041 -0.69277024
-2.23594952 -1.74732721 -0.74634498
-2.20702457 -1.90401089 -0.88958812
-2.20737195 -1.90379739 -0.89025086
-2.20382285 -1.90591502 -1.01195574
-2.20469427 -1.90544093 -0.91460741
-2.24061131 -1.75355411 -0.78525651
-2.24156976 -1.75491786 -0.72475922
-2.20182395 -1.90703583 -0.91922528
-2.20052695 -1.90775049 -0.92191929
-2.24307704 -1.75729966 -0.73783565
-2.24364686 -1.75820458 -0.68585372
-2.24400043 -1.75876617 -0.73305011
-2.24391103 -1.75862408 -0.81121606
-2.19846463 -1.90878117 -0.99886543
-2.19815516 -1.90893102 -1.01433992
-2.19951153 -1.90827096 -0.97628689
-2.19892120 -1.90856028 -0.95649433
-2.24584532 -1.76199603 -0.74216110
-2.24466205 -1.75988865 -0.82769477
-2.24455285 -1.75969422 -0.73415470
-2.24493456 -1.76037395 -0.79578525
-2.19305921 -1.91129720 -0.94456017
-2.19183230 -1.91180873 -0.97178793
-2.19466496 -1.91061020 -0.99291724
-2.19502425 -1.91044557 -0.88547766
-2.24906206 -1.76829433 -0.85004878
-2.24949884 -1.76929486 -0.73571074
-2.24885559 -1.76784670 -0.71346962
-2.24879718 -1.76772928 -0.84180844
-2.24767995 -1.76548266 -0.71296996
-2.24703598 -1.76418781 -0.70099556
-2.18706393 -1.91365540 -0.95043701
-2.18576074 -1.91412652 -0.91814286
-2.18932939 -1.91282487 -0.93778849
-2.18755627 -1.91348243 -0.89540696
-2.25084138 -1.77237105 -0.71879715
-2.25090027 -1.77250612 -0.81630689
-2.18057942 -1.91573334 -0.99245286
-2.18098664 -1.91563487 -0.90463752
-2.18468714 -1.91449094 -0.95032352
-2.18410110 -1.91466260 -0.86367333
-2.25182939 -1.77494526 -0.77483189
-2.25259852 -1.77697790 -0.74922311
-2.25152278 -1.77413487 -0.77379334
-2.25210166 -1.77566481 -0.73154753
-2.17507482 -1.91713381 -1.01445973
-2.17458630 -1.91725171 -0.99802691
-2.17848301 -1.91633427 -0.99951887
-2.17857146 -1.91630757 -0.98295480
-2.25407314 -1.78149068 -0.74787897
-2.25337529 -1.77932894 -0.84341568
-2.25296688 -1.77806449 -0.75420129
-2.25360107 -1.78002834 -0.68461442
-2.16988277 -1.91816664 -0.99660867
-2.16958642 -1.91821790 -1.00026083
-2.17300653 -1.91759670 -0.90945530
-2.17470574 -1.91722405 -0.85696930
-2.25552583 -1.78676903 -0.74410862
-2.25444412 -1.78275156 -0.84511369
-2.25594330 -1.78865123 -0.81331497
-2.25631881 -1.79037941 -0.84579933
-2.25497246 -1.78471375 -0.70095634
-2.25512648 -1.78528547 -0.71275407
-2.16199970 -1.91922987 -1.02005219
-2.16558766 -1.91881394 -0.98702133
-2.16883278 -1.91834533 -0.86399746
-2.16882753 -1.91835642 -0.95559722
-2.25641942 -1.79084194 -0.74639666
-2.25596976 -1.78877294 -0.72184521
-2.16284442 -1.91913176 -0.87165862
-2.16191649 -1.91923952 -1.00075364
-2.25673485 -1.79242527 -0.74982178
-2.25701976 -1.79413581 -0.71265060
-2.25741720 -1.79652166 -0.73500037
-2.25727248 -1.79565251 -0.77233410
-2.25751019 -1.79717731 -0.79915768
-2.25750589 -1.79714000 -0.74210978
-2.16126394 -1.91929138 -0.85109788
-2.16144013 -1.91928053 -0.88159049
-2.15743876 -1.91952085 -0.97943884
-2.15758419 -1.91950965 -1.01379681
-2.25781465 -1.79977643 -0.68358850
-2.25790334 -1.80053306 -0.70894808
-2.15320778 -1.91962099 -0.93398958
-2.15311861 -1.91962194 -0.92898995
-2.15625310 -1.91958988 -0.92657077
-2.15451288 -1.91960478 -0.86532247
-2.25822616 -1.80429566 -0.70992637
-2.25812340 -1.80279148 -0.74439698
-2.25827146 -1.80496061 -0.83019996
-2.25816154 -1.80335021 -0.80438769
-2.14672709 -1.91942799 -0.94269913
-2.14504266 -1.91931915 -1.01431906
-2.15016222 -1.91959429 -0.95078635
-2.14821553 -1.91951370 -0.91380656
-2.25845766 -1.80948222 -0.80621564
-2.25846052 -1.80962741 -0.79720134
-2.25844312 -1.80875564 -0.69095427
-2.25844955 -1.80907118 -0.72089970
-2.14184165 -1.91898859 -0.95875072
-2.14017701 -1.91878819 -1.00643945
-2.14473248 -1.91928160 -0.91385722
-2.14422083 -1.91922915 -0.87567014
-2.25850105 -1.81230450 -0.75111872
-2.25850344 -1.81221724 -0.81462628
-2.25843811 -1.81453896 -0.79582518
-2.25839496 -1.81607437 -0.75309896
-2.13654852 -1.91825354 -0.87548608
-2.13692331 -1.91831160 -0.90445477
-2.13985586 -1.91874933 -0.91910809
-2.14038730 -1.91882682 -0.93364972
-2.25815201 -1.81993997 -0.73367614
-2.25814366 -1.82005072 -0.71692520
-2.25804305 -1.82137692 -0.83320165
-2.25807381 -1.82097089 -0.81424689
-2.13092995 -1.91710842 -0.89877170
-2.12817812 -1.91642439 -0.99009889
-2.13375711 -1.91771984 -0.88445371
-2.13301444 -1.91757298 -0.85351056
-2.25758338 -1.82541025 -0.74352592
-2.25767064 -1.82470775 -0.78047222
-2.25705028 -1.82903123 -0.74738044
-2.25683141 -1.83029985 -0.82037830
-2.25791574 -1.82273233 -0.69208395
-2.25794935 -1.82246184 -0.75445402
-2.12960505 -1.91678166 -0.91875625
-2.12836695 -1.91647446 -0.94806838
-2.25701690 -1.82922506 -0.68393558
-2.25682139 -1.83035803 -0.73599213
-2.12332296 -1.91500688 -0.99242145
-2.12385440 -1.91516817 -1.01047134
-2.12565279 -1.91572905 -0.96542889
-2.12442565 -1.91535676 -0.88956815
-2.25607944 -1.83414578 -0.69785422
-2.25593019 -1.83481777 -0.72095186
-2.25551295 -1.83669925 -0.76920784
-2.25604796 -1.83428729 -0.78736216
-2.11847687 -1.91333032 -0.90441471
-2.11803603 -1.91316187 -0.92147505
-2.12234879 -1.91472328 -0.86958396
-2.12016129 -1.91394556 -0.93320203
-2.25508261 -1.83840454 -0.76584262
-2.25480509 -1.83942509 -0.74747449
-2.25468659 -1.83986139 -0.80048144
-2.25488114 -1.83914554 -0.79403019
-2.11535931 -1.91207588 -1.01031625
-2.11280537 -1.91094506 -1.02220321
-2.11362290 -1.91134322 -0.85552305
-2.11567044 -1.91221035 -0.92965251
-2.25338960 -1.84426546 -0.70177037
-2.25318336 -1.84490395 -0.71489316
-2.25137854 -1.85002983 -0.83430070
-2.25203609 -1.84828126 -0.81340551
-2.25251245 -1.84698021 -0.72473538
-2.25398684 -1.84241796 -0.84785569
-2.10996318 -1.90962136 -0.94500518
-2.10574985 -1.90739191 -1.01347363
-2.10555410 -1.90727806 -0.61262798
-2.10575604 -1.90738809 -0.91334140
-2.10590076 -1.90746689 -0.82726675
-2.10481024 -1.90687335 -0.93621784
-2.11177516 -1.91048741 -0.90948075
-2.11191583 -1.91054344 -0.85126680
-2.25075221 -1.85169590 -0.69934607
-2.25122285 -1.85044396 -0.73271638
-2.24959826 -1.85441959 -0.70813382
-2.24974728 -1.85407376 -0.77210432
-2.24932528 -1.85505342 -0.79314172
-2.25008941 -1.85327876 -0.80583060
-2.24743438 -1.85913467 -0.69957036
-2.24651742 -1.86101651 -0.68100369
-2.24787164 -1.85823703 -0.83601880
-2.24683189 -1.86037123 -0.76041126
-2.24468946 -1.86440289 -0.84174532
-2.24503827 -1.86376476 -0.82786351
-2.24539781 -1.86310685 -0.74075180
-2.24389672 -1.86585319 -0.73303968
-2.24142241 -1.86992252 -0.75658733
-2.24164534 -1.86955643 -0.75020403
-2.24358153 -1.86637819 -0.70106483
-2.24368048 -1.86621559 -0.80839682
-2.24065304 -1.87110174 -0.80029893
-2.23960519 -1.87265313 -0.72347689
-2.23946047 -1.87286735 -0.83577025
-2.23944521 -1.87289011 -0.80480957
-2.23756838 -1.87556791 -0.84959221
-2.23539019 -1.87848854 -0.73006368
-2.23785186 -1.87518799 -0.71261060
-2.23580503 -1.87793219 -0.67888159
-2.23260951 -1.88189542 -0.72689319
-2.23373199 -1.88052917 -0.83763301
-2.23516345 -1.87878692 -0.73076558
-2.23436522 -1.87975848 -0.73022014
-2.23165989 -1.88302016 -0.83119959
-2.22956896 -1.88533413 -0.80809230
-2.22944760 -1.88546824 -0.79561049
-2.22915936 -1.88578725 -0.79523313
-2.22688651 -1.88814247 -0.75433570
-2.22757363 -1.88745046 -0.72548753
-2.22620583 -1.88882780 -0.81008428
-2.22674799 -1.88828194 -0.81812006
-2.22143269 -1.89332235 -0.73281282
-2.22324061 -1.89166570 -0.82481205
-2.22193146 -1.89286542 -0.68981093
-2.22460842 -1.89041269 -0.79654795
-2.21990728 -1.89462161 -0.68169403
-2.21984625 -1.89467239 -0.74529994
-2.21947026 -1.89498556 -0.78904450
-2.21971107 -1.89478493 -0.84439421
-2.21599793 -1.89778793 -0.82649755
-2.21511531 -1.89845455 -0.84743243
-2.21494961 -1.89857972 -0.68446875
-2.21334624 -1.89979064 -0.73630214
-2.21150661 -1.90106738 -0.78556728
-2.21252728 -1.90037024 -0.80398953
-2.21190977 -1.90079212 -0.80537945
-2.20952272 -1.90242231 -0.78642833
-2.20880437 -1.90290999 -0.76840711
-2.20847106 -1.90311515 -0.69639683
-2.20527101 -1.90508366 -0.69790822
-2.20486546 -1.90533316 -0.75909299
-2.20330954 -1.90621340 -0.79061699
-2.20297766 -1.90639627 -0.70379323
-2.20176601 -1.90706372 -0.76939261
-2.20251703 -1.90664995 -0.82470173
-2.19903612 -1.90850544 -0.71753383
-2.19968224 -1.90818906 -0.76529831
-2.19597316 -1.91000497 -0.67713958
-2.19926548 -1.90839314 -0.68683547
-2.19228458 -1.91162288 -0.77274734
-2.19089508 -1.91222155 -0.70094204
-2.19267559 -1.91145444 -0.69147408
-2.19213843 -1.91168582 -0.69784671
-2.18481112 -1.91443300 -0.79618931
-2.18368745 -1.91479242 -0.81836063
-2.18790889 -1.91334343 -0.70917940
-2.18965435 -1.91268969 -0.76592141
-2.18897557 -1.91294384 -0.83521539
-2.18781590 -1.91337824 -0.74210310
-2.18346786 -1.91486251 -0.76189333
-2.18159413 -1.91546178 -0.70805365
-2.17654681 -1.91682243 -0.76749337
-2.17651200 -1.91683173 -0.82727462
-2.17793131 -1.91645360 -0.71093065
-2.17952895 -1.91602802 -0.72575599
-2.17638421 -1.91686332 -0.82251602
-2.17364097 -1.91745114 -0.67999834
-2.17241693 -1.91771340 -0.77897698
-2.17529416 -1.91709697 -0.81907243
-2.17103076 -1.91798532 -0.84413946
-2.16829419 -1.91843164 -0.77078897
-2.17007017 -1.91814196 -0.79337233
-2.17091656 -1.91800392 -0.76856977
-2.16527390 -1.91885817 -0.77415103
-2.16527629 -1.91885781 -0.68950737
-2.16317749 -1.91909373 -0.81699544
-2.16301608 -1.91911197 -0.84671736
-2.15785551 -1.91950262 -0.79654896
-2.15718627 -1.91954410 -0.75255889
-2.16088963 -1.91931462 -0.77833939
-2.16102195 -1.91930640 -0.70733899
-2.15612459 -1.91958439 -0.69213480
-2.15530348 -1.91959405 -0.70337403
-2.15529513 -1.91959417 -0.81564856
-2.15167952 -1.91963673 -0.75949812
-2.14715147 -1.91946328 -0.72129703
-2.14749265 -1.91947639 -0.82830215
-2.14565182 -1.91935253 -0.78151816
-2.14344263 -1.91915524 -0.84826106
-2.14858818 -1.91951859 -0.71967900
-2.15152884 -1.91963208 -0.70283210
-2.14222860 -1.91904676 -0.75663656
-2.14248872 -1.91907001 -0.72219145
-2.13710403 -1.91834939 -0.77799571
-2.13878965 -1.91858673 -0.78026277
-2.14034724 -1.91880620 -0.71459842
-2.14147544 -1.91896510 -0.74682981
-2.13299036 -1.91756785 -0.83993083
-2.13327765 -1.91762340 -0.82032144
-2.13516092 -1.91798711 -0.78097588
-2.13562679 -1.91807711 -0.76596189
-2.12921548 -1.91668987 -0.80744529
-2.12869382 -1.91656125 -0.79787248
-2.13043880 -1.91699159 -0.70127082
-2.13089895 -1.91710508 -0.71991700
-2.12543631 -1.91566050 -0.77093238
-2.12651277 -1.91598511 -0.76960540
-2.12367296 -1.91512859 -0.75700349
-2.12257004 -1.91479599 -0.82522333
-2.12119937 -1.91430914 -0.84045070
-2.11826277 -1.91325593 -0.75404650
-2.12228775 -1.91469932 -0.81672454
-2.12061787 -1.91410053 -0.67741096
-2.11453128 -1.91172159 -0.72091043
-2.11580133 -1.91225207 -0.75002509
-2.11199570 -1.91058147 -0.79467529
-2.11129045 -1.91024339 -0.84899837
-2.11624408 -1.91243708 -0.80097830
-2.11571956 -1.91221797 -0.81887668
-2.11165237 -1.91041696 -0.69536114
-2.11015153 -1.90969753 -0.68937308
-2.10751772 -1.90834689 -0.67988867
-2.10853887 -1.90890265 -0.81967479
-2.22724390 -1.73804617 -0.60103643
-2.21697688 -1.72964799 -0.62021065
-2.22013330 -1.73199940 -0.62065268
-2.21982241 -1.73177063 -0.58441061
-2.21763182 -1.73011863 -0.56376314
-2.21655345 -1.72935545 -0.61018980
-2.21348429 -1.72727311 -0.57921827
-2.21447086 -1.72791243 -0.52549368
-2.11317158 -1.91113961 -0.63107920
-2.11416030 -1.91157043 -0.62207305
-2.11055946 -1.90989196 -0.58264852
-2.10811925 -1.90867174 -0.57485759
-2.23792601 -1.74991155 -0.60227364
-2.13333344 -1.91751838 -0.61565161
-2.17564678 -1.91695285 -0.56129879
-2.20198989 -1.72050118 -0.72597468
-2.18995333 -1.71355200 -0.90777850
-2.19254398 -1.71504772 -0.90250999
-2.20838833 -1.72419548 -0.83446687
-2.20866132 -1.72435308 -0.71747732
-2.18245411 -1.70922232 -0.97503477
-2.18891048 -1.71294987 -0.72124684
-2.19519210 -1.71657658 -0.70791739
-2.19607306 -1.71708524 -0.69145846
-2.18597245 -1.71125364 -0.92824352
-2.19163680 -1.71452379 -0.98988986
-2.20804000 -1.72399426 -0.72137570
-2.19979405 -1.71923339 -0.69818747
-2.17751813 -1.70637262 -0.95495123
-2.20202494 -1.72052145 -0.78924072
-2.20609188 -1.72286952 -0.79723716
-2.19738889 -1.71784484 -0.63778520
-2.18345165 -1.70979822 -0.80041897
-2.20705056 -1.72342300 -1.00621784
-2.18990016 -1.71352124 -0.69682992
-2.19586515 -1.71696508 -0.78162259
-2.19814062 -1.71827877 -0.71650314
-2.20669723 -1.72321904 -0.99015045
-2.19921803 -1.71890092 -0.63392979
-2.20180702 -1.72039568 -0.99650848
-2.17609930 -1.70555329 -0.89578336
-2.18951631 -1.71329963 -0.96293771
-2.20198345 -1.72049749 -0.80059153
-2.18575287 -1.71112680 -0.97691596
-2.20896673 -1.72452939 -0.98554254
-2.17307758 -1.70380878 -0.92415476
-2.20285773 -1.72100234 -0.60820407
-2.18938470 -1.71322370 -0.87237638
-2.17002559 -1.70204663 -0.96981120
-2.20716429 -1.72348857 -0.88066626
-2.19770670 -1.71802831 -0.87893909
-2.18710947 -1.71191013 -0.93888158
-2.20327640 -1.72124398 -0.89085752
-2.18395472 -1.71008861 -0.84863359
-2.18390512 -1.71006012 -0.94445592
-2.19358301 -1.71564758 -0.82813817
-2.19960022 -1.71912158 -1.01653934
-2.20141912 -1.72017169 -0.71775961
-2.17849159 -1.70693445 -0.95220470
-2.20463586 -1.72202897 -0.93740910
-2.17653251 -1.70580351 -0.85463405
-2.16631794 -1.69990611 -0.97295982
-2.19833660 -1.71839201 -0.61273611
-2.18582726 -1.71116972 -0.82571656
-2.15638137 -1.69416928 -0.96359360
-2.17131233 -1.70278966 -0.78016961
-2.17633009 -1.70568669 -0.75052631
-2.17716980 -1.70617139 -0.52718127
-2.18474054 -1.71054244 -0.72451454
-2.17718577 -1.70618057 -0.69107026
-2.18595719 -1.71124482 -0.49737030
-2.17885017 -1.70714152 -0.64112687
-2.18519902 -1.71080709 -0.70255500
-2.18803167 -1.71244240 -0.49726027
-2.19434237 -1.71608591 -0.50045252
-2.15642285 -1.69419324 -0.77189732
-2.16904974 -1.70148325 -0.51724654
-2.16451693 -1.69886625 -0.77814984
-2.16111612 -1.69690275 -0.83967972
-2.16832185 -1.70106304 -0.75457692
-2.16943526 -1.70170581 -0.88754272
-2.15688610 -1.69446063 -0.68207896
-2.19830704 -1.71837497 -0.50431794
-2.17924333 -1.70736861 -0.66854626
-2.18355465 -1.70985770 -0.65410042
-2.20083618 -1.71983516 -0.54064590
-2.16698742 -1.70029271 -0.90756172
-2.16031384 -1.69643962 -0.69078785
-2.15907621 -1.69572508 -0.63087547
-2.17980146 -1.70769083 -0.53161776
-2.17761230 -1.70642698 -0.74380928
-2.16696239 -1.70027816 -0.75027674
-2.16090226 -1.69677937 -0.79996079
-2.20184016 -1.72041488 -0.57150412
-2.19498658 -1.71645784 -0.56340712
-2.15639448 -1.69417679 -0.80156231
-2.17662382 -1.70585620 -0.58211035
-2.16974616 -1.70188534 -0.67698574
-2.18086481 -1.70830464 -0.77433449
-2.16198707 -1.69740570 -0.51089239
-2.19144988 -1.71441591 -0.66497165
-2.17990470 -1.70775032 -0.56054187
-2.17873311 -1.70707393 -0.69841248
-2.15735793 -1.69473302 -0.53312188
-2.18412924 -1.71018934 -0.68815076
-2.16508627 -1.69919503 -0.89222407
-2.18050766 -1.70809853 -0.74544448
-2.17374778 -1.70419574 -0.76121289
-2.17872858 -1.70707130 -0.79254478
-2.16644430 -1.69997895 -0.53292495
-2.16597724 -1.69970942 -0.87196451
-2.19977951 -1.71922505 -0.56877780
-2.17835903 -1.70685792 -0.67318231
-2.18135142 -1.70858562 -0.68605459
-2.15912008 -1.69575047 -0.93416303
-1.46854138 -1.36513555 -0.77887160
-1.45490444 -1.38875532 -0.46481305
-1.48630953 -1.33436036 -0.49339387
-1.48912740 -1.32947969 -0.76937342
-1.50147212 -1.30809784 -0.32819664
-1.42739964 -1.43639505 -0.31976572
-1.44233882 -1.41051972 -0.27139804
-1.45820963 -1.38303065 -0.43869534
-1.41853940 -1.45174158 -0.51066405
-1.47864318 -1.34763873 -0.30033487
-1.50347364 -1.30463111 -0.53282452
-1.51424944 -1.28596687 -0.57256162
-1.44202232 -1.41106796 -0.42820108
-1.45020735 -1.39689100 -0.29617006
-1.42730653 -1.43655646 -0.26704019
-1.44648516 -1.40333796 -0.44709009
-1.45485711 -1.38883746 -0.30297047
-1.47984421 -1.34555852 -0.56262368
-1.45940924 -1.38095284 -0.26252788
-1.48004961 -1.34520280 -0.54399544
-1.46821308 -1.36570418 -0.68374079
-1.45255291 -1.39282846 -0.34966916
-1.40898490 -1.46829033 -0.24295662
-1.43442523 -1.42422652 -0.40371162
-1.42126036 -1.44702876 -0.34976897
-1.49886167 -1.31261933 -0.43420586
-1.40519309 -1.47485805 -0.42525688
-1.50989938 -1.29350138 -0.72661310
-1.49705756 -1.31574404 -0.44472784
-1.43488443 -1.42343116 -0.46089637
-1.47394407 -1.35577774 -0.60774672
-1.49445188 -1.32025731 -0.65437144
-1.47550941 -1.35306668 -0.44597235
-1.46040070 -1.37923563 -0.51756597
-1.49533665 -1.31872487 -0.50415832
-1.50067580 -1.30947709 -0.47713658
-1.49214768 -1.32424831 -0.82858700
-1.50717926 -1.29821277 -0.46524185
-1.43598545 -1.42152417 -0.24762869
-1.41102600 -1.46475506 -0.37404516
-1.39176500 -1.49811625 -0.36056721
-1.41994190 -1.44931233 -0.36546984
-1.48262906 -1.34073508 -0.52400672
-1.50329745 -1.30493641 -0.60925871
-1.47390735 -1.35584140 -0.50824487
-1.44516873 -1.40561819 -0.64663291
-1.47914827 -1.34676397 -0.36364558
-1.45601380 -1.38683391 -0.35511068
-1.44685781 -1.40269256 -0.55710477
-1.43482292 -1.42353773 -0.58555210
-1.43674636 -1.42020619 -0.38966683
-1.42587769 -1.43903136 -0.47064176
-1.48289537 -1.34027386 -0.29755792
-1.39376366 -1.49465442 -0.27678826
-1.48193240 -1.34194160 -0.67419142
-1.48142004 -1.34282911 -0.70433873
-1.50164735 -1.30779433 -0.76119721
-1.50114131 -1.30867088 -0.75873321
-1.47953570 -1.34609282 -0.48894495
-1.49908924 -1.31222510 -0.27370000
-1.44931209 -1.39844167 -0.66476071
-1.50181019 -1.30751216 -0.94283861
-1.51371825 -1.28688693 -0.99573362
-1.42966628 -1.43246913 -0.36890084
-1.47833478 -1.34817278 -0.25503093
-1.49618542 -1.31725466 -0.78836858
-1.38172734 -1.51550198 -0.27965838
-1.49211252 -1.32430923 -0.87547517
-1.44516969 -1.40561652 -0.47330648
-1.45509207 -1.38843036 -0.63164771
-1.38506544 -1.50972021 -0.28014243
-1.51070833 -1.29210031 -0.26963422
-1.42535520 -1.43993616 -0.29871503
-1.42289758 -1.44419289 -0.41868007
-1.49475789 -1.31972718 -0.61279684
-1.40838993 -1.46932089 -0.40898985
-1.49537337 -1.31866121 -0.45399356
-1.48161006 -1.34250009 -0.29324740
-1.44542146 -1.40518045 -0.25793639
-1.50436902 -1.30308020 -0.36951286
-1.38984227 -1.50144649 -0.32248750
-1.47861874 -1.34768116 -0.65424997
-1.50262654 -1.30609846 -0.42436320
-1.43986714 -1.41480076 -0.35568619
-1.47082233 -1.36118484 -0.57546979
-1.51273680 -1.28858697 -0.32343686
-1.42061281 -1.44815028 -0.44129521
-1.47696936 -1.35053790 -0.26308712
-1.50354707 -1.30450392 -0.36415780
-1.38300133 -1.51329517 -0.28630495
-1.51262009 -1.28878903 -0.51874900
-1.48745430 -1.33237755 -0.36031157
-1.50446451 -1.30291486 -0.41741976
-1.43298936 -1.42671359 -0.56309742
-1.46686566 -1.36803794 -0.73741013
-1.50806952 -1.29667079 -0.88442081
-1.49219382 -1.32416832 -0.28129524
-1.48954463 -1.32875681 -0.74963588
-1.51458549 -1.28538477 -0.48364273
-1.40857232 -1.46900511 -0.25961721
-1.41700613 -1.45439720 -0.32356653
-1.50399101 -1.30373502 -0.93408644
-1.41489458 -1.45805454 -0.44432670
-1.45665836 -1.38571763 -0.37840700
-1.43771946 -1.41852069 -0.29279846
-1.49595666 -1.31765091 -0.74856949
-1.41179657 -1.46342039 -0.45979384
-1.46305144 -1.37464452 -0.59952003
-1.42867601 -1.43418431 -0.30390918
-1.49159360 -1.32520795 -0.83071733
-1.42747808 -1.43625939 -0.47543457
-1.41331446 -1.46079147 -0.44818616
-1.49712241 -1.31563187 -0.32111531
-1.47095799 -1.36094987 -0.41485694
-1.47011518 -1.36240971 -0.63981551
-1.40982413 -1.46683681 -0.27820250
-1.48599398 -1.33490670 -0.27652347
-1.50416076 -1.30344093 -0.63002074
-1.47140563 -1.36017454 -0.67558253
-1.45568240 -1.38740802 -0.51510274
-1.48045266 -1.34450471 -0.73778027
-1.42394304 -1.44238222 -0.54021859
-1.51491690 -1.28481078 -0.93918818
-1.51335847 -1.28751016 -0.88521796
-1.40956461 -1.46728647 -0.45336825
-1.46128428 -1.37770522 -0.36726815
-1.44429779 -1.40712678 -0.61616385
-1.44570136 -1.40469563 -0.45543814
-1.46692765 -1.36793065 -0.68251735
-1.46776044 -1.36648822 -0.52529353
-1.50102925 -1.30886495 -0.82832730
-1.50258374 -1.30617237 -0.65690404
-1.41835713 -1.45205724 -0.46852860
-1.46813798 -1.36583436 -0.72977924
-1.47401261 -1.35565913 -0.29441839
-1.43311238 -1.42650044 -0.55137873
-1.51548660 -1.28382397 -0.45658484
-1.46361566 -1.37366712 -0.51756984
-1.38075852 -1.51717997 -0.27876139
-1.43536830 -1.42259312 -0.59889811
-1.48453510 -1.33743358 -0.69155854
-1.49903679 -1.31231594 -0.77557719
-1.50291121 -1.30560529 -0.26746854
-1.51500702 -1.28465474 -0.96710211
-1.47426784 -1.35521710 -0.61099970
-1.47743881 -1.34972477 -0.72317845
-1.49017787 -1.32766008 -0.86696869
-1.45821393 -1.38302338 -0.56992495
-1.45910597 -1.38147819 -0.57009310
-1.43615806 -1.42122519 -0.37345856
-1.48446918 -1.33754778 -0.47528902
-1.48774052 -1.33188176 -0.79939294
-1.49937403 -1.31173193 -0.69895607
-1.41999888 -1.44921374 -0.48226976
-1.47553468 -1.35302281 -0.32098660
-1.47179329 -1.35950303 -0.47298676
-1.44808161 -1.40057290 -0.47570628
-1.43996239 -1.41463590 -0.29620740
-1.46200573 -1.37645578 -0.39492640
-1.50506747 -1.30187058 -0.35873437
-1.49128628 -1.32574022 -0.73884177
-1.51225150 -1.28942740 -0.64043230
-1.50692225 -1.29865789 -0.47876281
-1.45152438 -1.39460993 -0.40433210
-1.50942683 -1.29431987 -0.58255005
-1.44566953 -1.40475082 -0.56194651
-1.47705221 -1.35039437 -0.73361623
-1.43088591 -1.43035686 -0.52232665
-1.49214137 -1.32425928 -0.76868165
-1.43336892 -1.42605603 -0.31531698
-1.47495222 -1.35403156 -0.31410399
-1.48840737 -1.33072662 -0.33225623
-1.49107552 -1.32610536 -0.29391405
-1.51200938 -1.28984690 -0.48704675
-1.49322665 -1.32237935 -0.47676572
-1.42505705 -1.44045258 -0.26345310
-1.48117840 -1.34324765 -0.82417011
-1.51138985 -1.29091978 -0.87148577
-1.47838461 -1.34808660 -0.55881125
-1.44850385 -1.39984167 -0.66528833
-1.47700274 -1.35048020 -0.28369737
-1.40848255 -1.46916056 -0.29309240
-1.49312639 -1.32255316 -0.81845778
-1.49589217 -1.31776261 -0.38203356
-1.48094237 -1.34365654 -0.60524809
-1.46206522 -1.37635267 -0.39756116
-1.50306666 -1.30533600 -0.69096482
-1.41687143 -1.45463049 -0.31814089
-1.44142377 -1.41210473 -0.57344544
-1.46694529 -1.36790001 -0.38242435
-1.46890974 -1.36449766 -0.66002727
-1.47022069 -1.36222696 -0.70158130
-1.50390303 -1.30388749 -0.94567174
-1.48619235 -1.33456314 -0.57290626
-1.50475621 -1.30240965 -0.29013231
-1.40307105 -1.47853363 -0.35666552
-1.40586555 -1.47369337 -0.27394718
-1.48828340 -1.33094156 -0.59465373
-1.47881246 -1.34734547 -0.57696819
-1.46257925 -1.37546217 -0.39058149
-1.41131198 -1.46425986 -0.35181299
-1.50344920 -1.30467343 -0.56551260
-1.38655424 -1.50714159 -0.33354563
-1.44842315 -1.39998138 -0.43883073
-1.45614636 -1.38660443 -0.48417404
-1.49631763 -1.31702578 -0.83528811
-1.46519339 -1.37093449 -0.74445271
-1.49898732 -1.31240165 -0.36785170
-1.40513539 -1.47495806 -0.32139212
-1.49425888 -1.32059157 -0.44269374
-1.42031837 -1.44866025 -0.52119762
-1.50873303 -1.29552162 -0.47074169
-1.51391816 -1.28654063 -0.24927492
-1.45226395 -1.39332902 -0.27397627
-1.49526978 -1.31884074 -0.34956038
-1.46693778 -1.36791313 -0.73571765
-1.45014775 -1.39699435 -0.60282642
-1.48063278 -1.34419274 -0.76506281
-1.44635391 -1.40356541 -0.47499245
-1.45674014 -1.38557589 -0.35357237
-1.50156677 -1.30793393 -0.73291063
-1.43760729 -1.41871512 -0.34201714
-1.46696293 -1.36786950 -0.74380654
-1.50424731 -1.30329108 -0.71245474
-1.47991216 -1.34544086 -0.82269400
-1.51246107 -1.28906441 -0.35647073
-1.48442507 -1.33762431 -0.29873988
-1.48837411 -1.33078420 -0.38203168
-1.43128717 -1.42966187 -0.40727979
-1.44504786 -1.40582764 -0.57051283
-1.46711981 -1.36759782 -0.27181202
-1.51257825 -1.28886151 -0.28037831
-1.51020718 -1.29296827 -0.46339017
-1.47508645 -1.35379910 -0.30307394
-1.47268414 -1.35795999 -0.35359156
-1.51163650 -1.29049265 -0.44542551
-1.44487548 -1.40612614 -0.39923805
-1.48533654 -1.33604550 -0.81660587
-1.47061574 -1.36154270 -0.75649458
-1.39106536 -1.49932790 -0.26773292
-1.43266666 -1.42727256 -0.48127711
-1.45187831 -1.39399695 -0.43090335
-1.47170925 -1.35964870 -0.65292883
-1.50457513 -1.30272341 -0.91868281
-1.48619401 -1.33456028 -0.66027641
-1.49348938 -1.32192433 -0.55533123
-1.50716937 -1.29822993 -0.83825362
-1.45174813 -1.39422238 -0.61480170
-1.43291020 -1.42685044 -0.34131062
-1.49446380 -1.32023656 -0.70918179
-1.43940902 -1.41559434 -0.35019547
-1.50074136 -1.30936360 -0.88099504
-1.45717764 -1.38481808 -0.70647413
-1.47327673 -1.35693359 -0.27381086
-1.42116964 -1.44718587 -0.45732713
-1.39383447 -1.49453163 -0.25876668
-1.39701486 -1.48902309 -0.33441958
-1.50306177 -1.30534458 -0.52887058
-1.37834024 -1.52136850 -0.25559756
-1.49299490 -1.32278097 -0.28630236
-1.50024903 -1.31021643 -0.71434844
-1.48860526 -1.33038402 -0.48399267
-1.39889956 -1.48575866 -0.38055021
-1.48225582 -1.34138155 -0.75521916
-1.46803176 -1.36601841 -0.29909271
-1.47396433 -1.35574281 -0.68699723
-1.50347316 -1.30463195 -0.94486994
-1.47846413 -1.34794879 -0.69647980
-1.50750029 -1.29765677 -0.37272641
-1.43255770 -1.42746127 -0.25501546
-1.44210827 -1.41091919 -0.37362114
-1.49760354 -1.31479859 -0.74442798
-1.42338812 -1.44334328 -0.33484837
-1.42105329 -1.44738746 -0.25268921
-1.44811773 -1.40051043 -0.31999886
-1.50636470 -1.29962373 -0.26502618
-1.45492411 -1.38872147 -0.42861581
-1.45250034 -1.39291954 -0.43980512
-1.42819226 -1.43502235 -0.54484659
-1.45123339 -1.39511395 -0.34120247
-1.49413061 -1.32081366 -0.65531552
-1.46660149 -1.36849558 -0.63522452
-1.48269260 -1.34062505 -0.78039682
-1.46102560 -1.37815332 -0.55290598
-1.51227880 -1.28938019 -0.35350281
-1.48709035 -1.33300781 -0.38403285
-1.49538386 -1.31864309 -0.68899465
-1.41194117 -1.46317005 -0.31856859
-1.40038633 -1.48318362 -0.41017762
-1.51367640 -1.28695953 -0.29873991
-1.39430606 -1.49371493 -0.26117170
-1.47823739 -1.34834170 -0.74692309
-1.42478168 -1.44092953 -0.26683211
-1.44786763 -1.40094364 -0.65842551
-1.50428450 -1.30322683 -0.73443848
-1.50836825 -1.29615343 -0.31553400
-1.42058253 -1.44820285 -0.32010826
-1.49846506 -1.31330621 -0.77614701
-1.47803545 -1.34869134 -0.27196079
-1.50206625 -1.30706882 -0.66504174
-1.50491428 -1.30213583 -0.82379580
-1.50839388 -1.29610908 -0.79898399
-1.46388733 -1.37319660 -0.40593222
-1.45463383 -1.38922417 -0.38448921
-1.40943444 -1.46751177 -0.33878300
-1.48311222 -1.33989823 -0.82690686
-1.51140428 -1.29089475 -0.74235523
-1.39262605 -1.49662483 -0.36873540
-1.51047504 -1.29250431 -0.28170186
-1.44647026 -1.40336394 -0.33186844
-1.51032841 -1.29275835 -0.95793962
-1.51242936 -1.28911924 -0.74239129
-1.49962878 -1.31129074 -0.37898242
-1.46390235 -1.37317050 -0.68910033
-1.49171686 -1.32499456 -0.40458339
-1.37517869 -1.52684462 -0.27504808
-1.44142771 -1.41209793 -0.51555312
-1.45676577 -1.38553154 -0.35014996
-1.48977304 -1.32836115 -0.34235686
-1.44674957 -1.40288007 -0.41571167
-1.50255358 -1.30622458 -0.37532324
-1.50292921 -1.30557418 -0.35323951
-1.51300299 -1.28812587 -0.47151744
-1.48601699 -1.33486700 -0.61183667
-1.50329983 -1.30493212 -0.62767589
-1.48933899 -1.32911301 -0.49436447
-1.41725767 -1.45396149 -0.51128381
-1.49613321 -1.31734502 -0.32132253
-1.51451945 -1.28549933 -0.26315948
-1.37125933 -1.53363299 -0.26236171
-1.41061449 -1.46546793 -0.31266719
-1.48898804 -1.32972097 -0.74827206
-1.50296128 -1.30551863 -0.77932000
-1.46593261 -1.36965406 -0.45103183
-1.45569980 -1.38737786 -0.37315214
-1.51501083 -1.28464806 -0.27886853
-1.38557220 -1.50884247 -0.31059694
-1.48655987 -1.33392668 -0.30910408
-1.39367080 -1.49481535 -0.25280797
-1.47016633 -1.36232114 -0.24365145
-1.38976753 -1.50157595 -0.24655220
-1.45511639 -1.38838828 -0.40595427
-1.41562080 -1.45679665 -0.47492522
-1.47922957 -1.34662306 -0.25980541
-1.44067311 -1.41340494 -0.53657323
-1.49407768 -1.32090545 -0.79705036
-1.48517609 -1.33632350 -0.73424959
-1.48828590 -1.33093703 -0.47870311
-1.50040925 -1.30993891 -0.79907048
-1.50054693 -1.30970037 -0.41956997
-1.50420046 -1.30337226 -0.27614686
-1.50079739 -1.30926657 -0.59489411
-1.48281729 -1.34040892 -0.93608361
-1.44998038 -1.39728415 -0.68844157
-1.39908493 -1.48543763 -0.58595216
-1.45766020 -1.38398242 -0.88297391
-1.37845111 -1.52117646 -0.54650778
-1.39306998 -1.49585593 -0.65963537
-1.36596417 -1.54280460 -0.82908231
-1.44268429 -1.40992141 -0.89631701
-1.43174863 -1.42886245 -0.69851214
-1.40852702 -1.46908355 -0.86426073
-1.37374461 -1.52932835 -1.00224769
-1.40100288 -1.48211563 -0.71900982
-1.42303073 -1.44396222 -0.88478869
-1.39156926 -1.49845529 -0.41140911
-1.39673901 -1.48950088 -0.54084325
-1.38780916 -1.50496793 -0.50150293
-1.46938705 -1.36367083 -0.78905207
-1.41684353 -1.45467877 -0.94439352
-1.46410048 -1.37282741 -0.79111290
-1.48494887 -1.33671701 -0.88215095
-1.40081644 -1.48243868 -0.60219961
-1.41461909 -1.45853174 -0.92761111
-1.42608547 -1.43867135 -0.63848239
-1.43664467 -1.42038226 -0.80248106
-1.41509569 -1.45770621 -0.57409149
-1.38888395 -1.50310624 -0.64848965
-1.37801433 -1.52193296 -0.39044890
-1.46640098 -1.36884284 -0.81719714
-1.42521358 -1.44018149 -0.94148386
-1.48375857 -1.33877873 -0.96585763
-1.47552943 -1.35303187 -0.82478404
-1.40142894 -1.48137772 -0.84748852
-1.44597626 -1.40421951 -0.93265510
-1.37139130 -1.53340447 -0.67592669
-1.41563368 -1.45677447 -0.72669703
-1.46863174 -1.36497915 -0.94376004
-1.47308445 -1.35726678 -0.85700071
-1.44044459 -1.41380060 -0.72432071
-1.40549934 -1.47432756 -0.49319118
-1.43861043 -1.41697752 -0.85505939
-1.38821661 -1.50426221 -0.64143574
-1.45821869 -1.38301492 -0.77406472
-1.40534770 -1.47459018 -0.64695609
-1.39887381 -1.48580337 -0.89603364
-1.38605285 -1.50800991 -0.96506178
-1.43121696 -1.42978334 -0.65242743
-1.37329459 -1.53010786 -0.40975440
-1.40303028 -1.47860420 -0.49847162
-1.44095838 -1.41291070 -0.72758973
-1.43279362 -1.42705250 -0.85695136
-1.42367470 -1.44284689 -0.66305530
-1.50229466 -1.30667305 -1.01563776
-1.44481003 -1.40623951 -0.99131370
-1.38104773 -1.51667917 -0.59337372
-1.37548089 -1.52632105 -1.00634301
-1.48044002 -1.34452641 -0.90824443
-1.36786127 -1.53951871 -0.70554334
-1.48427427 -1.33788550 -0.90650970
-1.47271574 -1.35790539 -0.81416160
-1.40383554 -1.47720933 -1.02069139
-1.41288590 -1.46153367 -0.74305981
-1.47415137 -1.35541892 -0.86724341
-1.39048231 -1.50033772 -0.78432387
-1.41424870 -1.45917332 -0.88714641
-1.37693644 -1.52380002 -0.69894588
-1.38325655 -1.51285326 -0.68532348
-1.39478946 -1.49287772 -0.99797988
-1.41235662 -1.46245039 -0.62876725
-1.41180456 -1.46340656 -0.53850007
-1.38604283 -1.50802720 -0.58056313
-1.36770678 -1.53978622 -0.32545376
-1.41957676 -1.44994485 -0.61155874
-1.42038608 -1.44854295 -0.71240777
-1.38957810 -1.50190413 -0.90539628
-1.44200301 -1.41110134 -0.93814665
-1.39179885 -1.49805748 -0.43703875
-1.44237900 -1.41045022 -0.88902307
-1.39595401 -1.49086070 -0.80298001
-1.45662296 -1.38577878 -0.74951106
-1.40658426 -1.47244835 -0.90666348
-1.37102592 -1.53403723 -0.40024683
-1.40523481 -1.47478580 -0.78130597
-1.41696453 -1.45446932 -0.66824609
-1.37876141 -1.52063906 -0.90640032
-1.42919791 -1.43328047 -0.98652667
-1.37881446 -1.52054715 -0.37816969
-1.45514393 -1.38834071 -0.87286091
-1.37828362 -1.52146673 -0.36264542
-1.40377510 -1.47731411 -0.48338765
-1.41420937 -1.45924139 -0.49728477
-1.36894155 -1.53764760 -0.55698967
-1.38176227 -1.51544142 -0.68004578
-1.37927961 -1.51974154 -0.99223274
-1.42676473 -1.43749475 -0.66263574
-1.43813181 -1.41780663 -0.85286969
-1.37850988 -1.52107465 -0.54482615
-1.45458901 -1.38930190 -0.79834509
-1.44621205 -1.40381110 -0.87563598
-1.44208789 -1.41095436 -0.67925668
-1.37057447 -1.53481925 -0.63116437
-1.40282810 -1.47895443 -0.90876925
-1.40482855 -1.47548938 -0.88566858
-1.45942080 -1.38093293 -0.77798206
-1.38617539 -1.50779760 -0.39719546
-1.45632517 -1.38629472 -0.94886434
-1.37968493 -1.51903939 -0.52231365
-1.38327324 -1.51282430 -0.47182027
-1.38801420 -1.50461268 -0.51560086
-1.47069836 -1.36139953 -0.95157915
-1.36824751 -1.53884971 -0.65433800
-1.39848948 -1.48646903 -1.01774096
-1.49955869 -1.31141198 -0.94807583
-1.39215839 -1.49743474 -0.66981727
-1.41497731 -1.45791137 -0.58036417
-1.39235604 -1.49709237 -0.54597104
-1.38831162 -1.50409770 -0.86181748
-1.37597227 -1.52546990 -0.60196209
-1.43246746 -1.42761731 -0.63413680
-1.44828618 -1.40021873 -0.71524709
-1.36827314 -1.53880525 -0.85945785
-1.44498765 -1.40593195 -0.84683967
-1.40419424 -1.47658813 -0.53932130
-1.40901113 -1.46824491 -0.68346131
-1.40510821 -1.47500515 -0.45549417
-1.41202104 -1.46303165 -0.52089012
-1.47095847 -1.36094904 -0.79706502
-1.47422040 -1.35529923 -0.98323160
-1.47079027 -1.36124039 -0.97214997
-1.41412246 -1.45939195 -0.67368501
-1.39464641 -1.49312532 -0.47353503
-1.44483888 -1.40618956 -0.72127801
-1.41051996 -1.46563160 -0.68712801
-1.45037162 -1.39660645 -0.79162925
-1.37037086 -1.53517199 -0.36054477
-1.41715848 -1.45413327 -0.53971732
-1.44665456 -1.40304470 -0.72379822
-1.39668238 -1.48959911 -0.44903424
-1.46322608 -1.37434185 -0.81384563
-1.40192711 -1.48051500 -0.67684066
-1.39321172 -1.49561048 -0.80988705
-1.43333626 -1.42611277 -0.94574255
-1.38195181 -1.51511312 -0.82218677
-1.43416941 -1.42466962 -0.81458896
-1.44387507 -1.40785885 -0.72742462
-1.39523005 -1.49211454 -0.59920377
-1.39921129 -1.48521888 -0.53958917
-1.39536929 -1.49187338 -0.54702747
-1.43155456 -1.42919862 -0.95646203
-1.48464644 -1.33724093 -0.91742998
-1.47730911 -1.34994948 -0.94858038
-1.38303983 -1.51322854 -0.60262072
-1.43822885 -1.41763842 -0.85693604
-1.43841088 -1.41732323 -0.87837678
-1.39083922 -1.49971962 -0.56299257
-1.37220466 -1.53199565 -0.33125702
-1.41665661 -1.45500267 -0.93083566
-1.48475838 -1.33704686 -1.01097965
-1.39196455 -1.49777043 -0.54242116
-1.36659312 -1.54171526 -0.37859839
-1.45546830 -1.38777888 -0.73954570
-1.37687087 -1.52391362 -0.47144753
-1.43203688 -1.42836332 -0.91445208
-1.42641842 -1.43809474 -0.67405486
-1.38725317 -1.50593090 -0.95583075
-1.43207562 -1.42829609 -0.62991786
-1.45516253 -1.38830841 -1.00781691
-1.43409896 -1.42479157 -0.85242671
-1.44186664 -1.41133749 -1.00713468
-1.41996098 -1.44927931 -0.62610829
-1.38623333 -1.50769734 -0.96842015
-1.39481318 -1.49283659 -0.66372567
-1.37837255 -1.52131259 -0.42123201
-1.48040116 -1.34459388 -0.95168543
-1.40874124 -1.46871245 -0.83857203
-1.40811491 -1.46979737 -0.83493429
-1.40759242 -1.47070241 -0.56526607
-1.41112018 -1.46459210 -0.54992026
-1.42243528 -1.44499373 -0.76892209
-1.39575028 -1.49121356 -0.71249574
-1.40426290 -1.47646916 -1.02051210
-1.41258442 -1.46205592 -0.98501986
-1.42762208 -1.43600988 -0.69998860
-1.38409138 -1.51140738 -0.85738897
-1.43930209 -1.41577947 -0.62832940
-1.40611804 -1.47325611 -0.76762468
-1.39336336 -1.49534774 -0.71460068
-1.41226375 -1.46261120 -0.94249874
-1.42888904 -1.43381548 -0.90301192
-1.48393309 -1.33847630 -1.00663507
-1.45678639 -1.38549578 -0.87390035
-1.42048931 -1.44836426 -0.68032974
-1.36762106 -1.53993475 -0.25784728
-1.40159404 -1.48109186 -0.83233136
-1.45898104 -1.38169467 -0.88847190
-1.41888118 -1.45114946 -0.88344687
-1.37530875 -1.52661920 -0.68066770
-1.43853652 -1.41710556 -0.94836217
-1.41641724 -1.45541728 -0.70055979
-1.44035935 -1.41394830 -0.86404413
-1.42262244 -1.44466960 -0.93409520
-1.36692870 -1.54113400 -1.01508439
-1.37531209 -1.52661335 -0.95575523
-1.40974712 -1.46697032 -0.81137091
-1.40144372 -1.48135221 -0.73753881
-1.45132518 -1.39495480 -0.81718701
-1.38797402 -1.50468218 -0.92527378
-1.47828019 -1.34826756 -0.89376491
-1.41647470 -1.45531762 -1.02345979
-1.48805654 -1.33133435 -0.95556986
-1.39491355 -1.49266279 -1.01200628
-1.40109551 -1.48195529 -0.83066285
-1.42389607 -1.44246352 -0.94282538
-1.50164223 -1.30780315 -0.95879918
-1.42096353 -1.44754279 -0.76732361
-1.42414343 -1.44203496 -0.81893891
-1.42046273 -1.44841039 -0.65205401
-1.39636815 -1.49014342 -0.90300739
-1.46329308 -1.37422585 -0.99229878
-1.40173066 -1.48085523 -0.61204386
-1.38072693 -1.51723456 -0.45413780
-1.37636459 -1.52479053 -0.82403958
-1.36715245 -1.54074645 -0.81032437
-1.45263255 -1.39269042 -0.80947495
-1.37447023 -1.52807152 -0.69616938
-1.37789953 -1.52213192 -0.80385852
-1.45651186 -1.38597119 -0.90010053
-1.47111142 -1.36068404 -0.95950925
-1.39316189 -1.49569678 -0.58991385
-1.46253276 -1.37554276 -0.89604163
-1.37006688 -1.53569829 -0.64376026
-1.41765022 -1.45328164 -0.63523895
-1.49202716 -1.32445705 -0.97368819
-1.42951500 -1.43273115 -0.93110460
-1.48135602 -1.34293985 -0.85239017
-1.44415224 -1.40737891 -0.67736739
-1.37167823 -1.53290749 -0.96370530
-1.38066542 -1.51734126 -0.83385175
-1.40497005 -1.47524440 -0.48492721
-1.37308717 -1.53046703 -0.92663109
-1.41847515 -1.45185280 -0.60738999
-1.38067079 -1.51733184 -0.35193712
-1.37976468 -1.51890135 -0.99845576
-1.43727255 -1.41929471 -0.94684231
-1.44730783 -1.40191305 -0.79980618
-1.37073755 -1.53453672 -0.88878077
-1.47156370 -1.35990071 -0.91692334
-1.50219166 -1.30685163 -0.99100208
-1.39121175 -1.49907434 -0.54629689
-1.42901278 -1.43360114 -0.76044345
-1.42881441 -1.43394470 -0.77196234
-1.41403186 -1.45954883 -0.51416141
-1.45705080 -1.38503790 -0.85003507
-1.41859925 -1.45163786 -0.77548343
-1.44936967 -1.39834189 -0.78410530
-1.48233402 -1.34124613 -0.97323984
-1.44320023 -1.40902770 -0.96797460
-1.39656007 -1.48981082 -0.97423625
-1.47475672 -1.35437036 -0.92988700
-1.46002388 -1.37988842 -0.78559661
-1.41449976 -1.45873833 -0.56354034
-1.37274218 -1.53106475 -0.72804749
-1.49395359 -1.32112038 -0.96529531
-1.42992210 -1.43202615 -0.73940593
-1.40543616 -1.47443688 -0.82059848
-1.36919606 -1.53720665 -0.43678305
-1.41503417 -1.45781291 -0.91243410
-1.44081008 -1.41316760 -0.82212883
-1.43551981 -1.42233062 -0.73536003
-1.42351460 -1.44312429 -1.00021684
-1.45087159 -1.39574063 -0.84066725
-1.41814089 -1.45243180 -0.92219239
-1.37030900 -1.53527915 -0.67527515
-1.36901498 -1.53752041 -0.49803734
-1.38547194 -1.50901616 -0.53044599
-1.47244346 -1.35837698 -0.86101460
-1.42757964 -1.43608332 -0.96750975
-1.45460927 -1.38926685 -0.82662582
-1.39534152 -1.49192142 -0.53283405
-1.47546339 -1.35314620 -0.86284405
-1.43037915 -1.43123436 -0.89548910
-1.40130365 -1.48159468 -0.46475175
-1.38527775 -1.50935233 -0.75006866
-1.40093791 -1.48222828 -0.77193868
-1.41179800 -1.46341789 -0.56338060
-1.38806689 -1.50452149 -0.59222949
-1.39821291 -1.48694813 -0.68014991
-1.37251198 -1.53146338 -0.42220339
-1.39917219 -1.48528659 -0.97851527
-1.43741333 -1.41905093 -0.93954051
-1.36894143 -1.53764784 -0.93416327
-1.45340550 -1.39135170 -0.75237310
-1.48104894 -1.34347177 -0.97755164
-1.37484682 -1.52741933 -0.45875490
-1.46535087 -1.37066174 -0.97508651
-1.38829041 -1.50413442 -0.80293673
-1.36856520 -1.53829932 -0.38400474
-1.42104208 -1.44740677 -0.56550175
-1.37946868 -1.51941407 -0.67689341
-1.39313507 -1.49574327 -0.82661045
-1.39047325 -1.50035357 -0.85175073
-1.38255978 -1.51406014 -0.68021542
-1.43748355 -1.41892946 -0.79360968
-1.45338333 -1.39138997 -0.83912212
-1.37948024 -1.51939404 -1.02214777
-1.39926934 -1.48511815 -0.73764998
-1.41287589 -1.46155107 -0.99609268
-1.43196964 -1.42847967 -1.01721203
-1.47520626 -1.35359156 -0.88676059
-1.36984932 -1.53607535 -0.86749125
-1.38317859 -1.51298821 -0.93892926
-1.45762324 -1.38404632 -0.81035721
-1.42664790 -1.43769717 -0.86562109
-1.37179589 -1.53270376 -0.77064395
-1.39297545 -1.49601948 -0.93281782
-1.40862978 -1.46890557 -0.80762029
-1.38511455 -1.50963509 -0.69308144
-1.38459730 -1.51053095 -0.81174773
-1.41691816 -1.45454955 -0.92373210
-1.44712842 -1.40222394 -1.01609123
-1.38369548 -1.51209307 -0.39938098
-1.38674974 -1.50680280 -0.61811006
-1.46372592 -1.37347627 -0.98790824
-1.38890171 -1.50307548 -0.93368077
-1.37473357 -1.52761543 -0.93152928
-1.36684775 -1.54127419 -0.78630894
-1.44200623 -1.41109586 -0.84474993
-1.38216472 -1.51474440 -0.41198856
-1.42012334 -1.44899809 -0.62606883
-1.39822495 -1.48692715 -0.54236400
-1.40985346 -1.46678603 -0.66905224
-1.41472948 -1.45834053 -0.86074692
-1.37693584 -1.52380109 -0.54221570
-1.40657222 -1.47246921 -0.66784918
-1.37636983 -1.52478135 -0.89353591
-1.39491284 -1.49266398 -0.47509620
-1.48746634 -1.33235657 -0.93256587
-1.42665374 -1.43768704 -0.69916701
-1.37980187 -1.51883698 -0.71582395
-1.42078018 -1.44786048 -0.93540174
-1.40399158 -1.47693896 -0.94585818
-1.37647736 -1.52459514 -0.66747081
-1.41148102 -1.46396708 -0.56746781
-1.36954618 -1.53660023 -0.68867391
-1.42471039 -1.44105303 -0.97898966
-1.46186686 -1.37669623 -0.90616935
-1.41230881 -1.46253335 -0.73947024
-1.36839890 -1.53858745 -0.33271253
-1.40938509 -1.46759725 -0.56724727
-1.42708135 -1.43694651 -0.90827543
-1.42229259 -1.44524074 -0.59121805
-1.37481177 -1.52748001 -0.38619825
-1.41819310 -1.45234132 -0.64299858
-2.25968266 -1.78161550 -1.02400017
-2.28212070 -1.78603399 -1.02400017
-2.26691175 -1.77495563 -1.02400017
-2.29814672 -1.78299546 -1.02400017
-2.25201130 -1.77163792 -1.02400017
-2.26076746 -1.80172908 -1.02400017
-2.28762865 -1.79280078 -1.02400017
-2.34069347 -1.76745176 -1.02400017
-2.30515480 -1.78806162 -1.02400017
-2.29764223 -1.79233527 -1.02400017
-2.29838777 -1.76313055 -1.02400017
-2.32248116 -1.78299320 -1.02400017
-2.24194884 -1.75489509 -1.02400017
-2.31912637 -1.78550971 -1.02400017
-2.25628448 -1.75449896 -1.02400017
-2.28597951 -1.80537975 -1.02400017
-2.27988172 -1.75436091 -1.02400017
-2.24154139 -1.74656081 -1.02400017
-2.26188803 -1.82371914 -1.02400017
-2.23397088 -1.74136043 -1.02400017
-2.33353233 -1.78097284 -1.02400017
-2.25612092 -1.74360621 -1.02400017
-2.30006146 -1.80730617 -1.02400017
-2.27867174 -1.82630301 -1.02400017
-2.22757626 -1.73548067 -1.02400017
-2.27999091 -1.82596684 -1.02400017
-2.24918461 -1.73844826 -1.02400017
-2.25145984 -1.85350263 -1.02400017
-2.23089027 -1.73201776 -1.02400017
-2.26338840 -1.84598935 -1.02400017
-2.25078344 -1.86005175 -1.02400017
-2.20120573 -1.71690249 -1.02400017
-2.24922919 -1.73568058 -1.02400017
-2.28496647 -1.74666965 -1.02400017
-2.20006847 -1.71221173 -1.02400017
-2.22951722 -1.90821147 -1.02400017
-2.23233438 -1.88401842 -1.02400017
-2.21742272 -1.94810200 -1.02400017
-2.21194959 -1.97137654 -1.02400017
-2.21083593 -1.97001278 -1.02400017
-2.21073747 -1.96118367 -1.02400017
-2.20916891 -1.94903016 -1.02400017
-2.20841789 -1.91865170 -1.02400017
-2.20157385 -1.95641661 -1.02400017
-2.19964838 -1.94487178 -1.02400017
-2.19638920 -1.94860601 -1.02400017
-2.18692279 -1.91886222 -1.02400017
-2.19024801 -1.95401657 -1.02400017
-2.22692823 -1.95959079 -1.02400017
-2.25642109 -1.85673475 -1.02400017
-2.33612823 -1.79496479 -1.02400017
-2.21404648 -2.00471735 -1.02400017
-2.28027272 -1.85060430 -1.02400017
-2.26080418 -1.90362298 -1.02400017
-2.24530482 -1.88694513 -1.02400017
-2.26664591 -1.89087152 -1.02400017
-2.26004839 -1.86834598 -1.02400017
-2.24566031 -1.91740167 -1.02400017
-2.32997942 -1.79031253 -1.02400017
-2.33005953 -1.80211174 -1.02400017
-2.25172400 -1.91328883 -1.02400017
-2.24328637 -1.89575374 -1.02400017
-2.27096701 -1.86109090 -1.02400017
-2.26394796 -1.88964784 -1.02400017
-2.31763458 -1.80453432 -1.02400017
-2.24359488 -1.88466096 -1.02400017
-2.34416723 -1.77789438 -1.02400017
-2.23841739 -1.96014428 -1.02400017
-2.27411246 -1.89251304 -1.02400017
-2.24053693 -1.87490392 -1.02400017
-2.22323775 -1.94285631 -1.02400017
-2.19363856 -1.98776305 -1.02400017
-2.19043016 -1.98755717 -1.02400017
-2.17520499 -1.95435619 -1.02400017
-2.19352412 -2.00411201 -1.02400017
-2.15813088 -1.92796552 -1.02400017
-2.16340923 -1.95122731 -1.02400017
-2.17374444 -1.97658658 -1.02400017
-2.14499712 -1.93464947 -1.02400017
-2.13276720 -1.92079020 -1.02400017
-2.13813734 -1.93550658 -1.02400017
-2.18266845 -1.99958158 -1.02400017
-2.12014627 -1.91803503 -1.02400017
-2.14823794 -1.95759773 -1.02400017
-2.15170813 -1.96355832 -1.02400017
-2.18665743 -2.00809836 -1.02400017
-2.15735412 -1.97856462 -1.02400017
-2.07116103 -1.89338875 -1.02400017
-2.14203691 -1.95312357 -1.02400017
-2.15587664 -1.97432888 -1.02400017
-2.05188656 -1.87744141 -1.02400017
-2.11590648 -1.94205320 -1.02400017
-1.90832591 -1.64039016 -1.02400017
-1.98633361 -1.70657182 -1.02400017
-1.98394299 -1.70390010 -1.02400017
-1.70186925 -1.45224559 -1.02400017
-1.84820843 -1.58280742 -1.02400017
-1.88034225 -1.61150658 -1.02400017
-1.91043520 -1.63640487 -1.02400017
-1.87354362 -1.60326648 -1.02400017
-1.79878569 -1.53606081 -1.02400017
-1.98125196 -1.69829464 -1.02400017
-1.85714543 -1.58570719 -1.02400017
-1.77040756 -1.50831568 -1.02400017
-1.69249010 -1.44001281 -1.02400017
-1.80292594 -1.53733671 -1.02400017
-1.87223184 -1.59594440 -1.02400017
-1.84136760 -1.56620395 -1.02400017
-2.01164484 -1.71940517 -1.02400017
-1.86329257 -1.58547425 -1.02400017
-1.66956866 -1.41890955 -1.02400017
-1.86765230 -1.59068036 -1.02400017
-1.94463027 -1.65066481 -1.02400017
-1.76537633 -1.49677742 -1.02400017
-1.77986503 -1.51000440 -1.02400017
-1.90102029 -1.61392593 -1.02400017
-1.97328401 -1.67456532 -1.02400017
-1.99967194 -1.69709265 -1.02400017
-1.91620588 -1.61991119 -1.02400017
-1.74030626 -1.47351396 -1.02400017
-1.86712289 -1.57656610 -1.02400017
-1.73509169 -1.46850038 -1.02400017
-1.83061397 -1.54790235 -1.02400017
-1.81669450 -1.53478682 -1.02400017
-1.96456611 -1.65642083 -1.02400017
-1.60073340 -1.35455990 -1.02400017
-1.88090217 -1.58594000 -1.02400017
-1.94050753 -1.63513684 -1.02400017
-1.92045629 -1.61715496 -1.02400017
-1.93854010 -1.63374662 -1.02400017
-1.83359766 -1.54201353 -1.02400017
-1.80375624 -1.51904571 -1.02400017
-1.91827011 -1.61302805 -1.02400017
-1.91425776 -1.60511911 -1.02400017
-1.86112487 -1.56504941 -1.02400017
-1.88154197 -1.57942259 -1.02400017
-1.73537970 -1.45914292 -1.02400017
-1.64462614 -1.38653636 -1.02400017
-1.61690652 -1.36500418 -1.02400017
-1.89754593 -1.58584309 -1.02400017
-1.64660800 -1.38773751 -1.02400017
-1.92232716 -1.60781586 -1.02400017
-1.97293484 -1.63944459 -1.02400017
-2.03368807 -1.68641376 -1.02400017
-1.93916142 -1.61531198 -1.02400017
-1.90042973 -1.58472466 -1.02400017
-1.87671041 -1.56866443 -1.02400017
-1.89946973 -1.58447826 -1.02400017
-1.80207479 -1.50409031 -1.02400017
-1.86481881 -1.55374384 -1.02400017
-1.94599807 -1.61569059 -1.02400017
-1.74343872 -1.45983076 -1.02400017
-1.62677026 -1.36961544 -1.02400017
-1.92178011 -1.59549046 -1.02400017
-1.67501509 -1.40482736 -1.02400017
-1.78778362 -1.49144065 -1.02400017
-1.64177907 -1.37950361 -1.02400017
-2.04838681 -1.68711054 -1.02400017
-1.58681035 -1.33781374 -1.02400017
-1.64415026 -1.38065660 -1.02400017
-1.87437332 -1.54897976 -1.02400017
-1.87354624 -1.54839051 -1.02400017
-1.89141786 -1.56491482 -1.02400017
-1.89983451 -1.56959534 -1.02400017
-1.57056403 -1.32458043 -1.02400017
-1.65649211 -1.38795114 -1.02400017
-1.77952063 -1.47627330 -1.02400017
-1.90607440 -1.57113051 -1.02400017
-1.73320186 -1.44388640 -1.02400017
-2.00581169 -1.64387906 -1.02400017
-1.95377684 -1.60671949 -1.02400017
-1.99591398 -1.63056529 -1.02400017
-1.82745266 -1.50948203 -1.02400017
-1.96579015 -1.61004663 -1.02400017
-1.69030297 -1.40935206 -1.02400017
-1.78826630 -1.48207343 -1.02400017
-1.92700183 -1.57757080 -1.02400017
-1.83059633 -1.50808907 -1.02400017
-1.64836657 -1.37793767 -1.02400017
-2.04292321 -1.66153646 -1.02400017
-1.57107580 -1.32342184 -1.02400017
-1.98863459 -1.61617410 -1.02400017
-2.00438690 -1.62519014 -1.02400017
-1.96871674 -1.60032070 -1.02400017
-1.72501123 -1.43186378 -1.02400017
-1.92342806 -1.57111120 -1.02400017
-1.92482054 -1.56643939 -1.02400017
-2.00450754 -1.62264311 -1.02400017
-1.81373620 -1.49128723 -1.02400017
-1.95088339 -1.58530736 -1.02400017
-1.66099918 -1.38472319 -1.02400017
-1.87834036 -1.53170884 -1.02400017
-2.02042413 -1.62951672 -1.02400017
-1.92082727 -1.56277978 -1.02400017
-1.88202453 -1.53403294 -1.02400017
-1.82597876 -1.49415052 -1.02400017
-1.98339498 -1.60011792 -1.02400017
-1.78432488 -1.46627235 -1.02400017
-2.05162525 -1.64750898 -1.02400017
-1.72221136 -1.42285359 -1.02400017
-2.10549521 -1.68029356 -1.02400017
-1.91105711 -1.54927075 -1.02400017
-1.76961672 -1.45511591 -1.02400017
-2.09968972 -1.67085338 -1.02400017
-1.99681973 -1.60510206 -1.02400017
-2.10698771 -1.67812538 -1.02400017
-1.99147093 -1.59681892 -1.02400017
-2.01414609 -1.61391091 -1.02400017
-1.94091845 -1.56434691 -1.02400017
-2.10831904 -1.67190015 -1.02400017
-1.68196642 -1.39309895 -1.02400017
-2.07318354 -1.64987338 -1.02400017
-1.95208406 -1.82073176 -1.02400017
-1.87246871 -1.78263676 -1.02400017
-1.86293983 -1.77724850 -1.02400017
-1.75041199 -1.72461617 -1.02400017
-1.91872764 -1.80044949 -1.02400017
-1.39167941 -1.55575681 -1.02400017
-1.90854180 -1.79717922 -1.02400017
-1.94656312 -1.81246674 -1.02400017
-1.99757349 -1.83630824 -1.02400017
-1.72971702 -1.71088076 -1.02400017
-2.00039530 -1.83501875 -1.02400017
-1.93643439 -1.80380142 -1.02400017
-1.97352457 -1.82175744 -1.02400017
-1.90562046 -1.78915226 -1.02400017
-1.78440940 -1.73565066 -1.02400017
-1.68819916 -1.68899727 -1.02400017
-1.90073419 -1.78416693 -1.02400017
-1.93948650 -1.80022383 -1.02400017
-1.68956077 -1.68965876 -1.02400017
-1.74462175 -1.71347117 -1.02400017
-1.55387032 -1.62673557 -1.02400017
-1.84876943 -1.75658560 -1.02400017
-1.58364141 -1.63943899 -1.02400017
-1.65616226 -1.67284989 -1.02400017
-1.87778485 -1.77047479 -1.02400017
-1.83562517 -1.74803519 -1.02400017
-1.56133354 -1.62921309 -1.02400017
-1.42263496 -1.56852496 -1.02400017
-1.87973988 -1.76775742 -1.02400017
-1.96900225 -1.80694175 -1.02400017
-1.92226613 -1.78124046 -1.02400017
-1.90765941 -1.77431118 -1.02400017
-1.72685444 -1.69808316 -1.02400017
-1.98808920 -1.81095171 -1.02400017
-1.84282160 -1.74748194 -1.02400017
-1.57511139 -1.63198018 -1.02400017
-1.87647378 -1.75441396 -1.02400017
-1.70285058 -1.68325984 -1.02400017
-1.78599799 -1.71723604 -1.02400017
-1.80715847 -1.72737288 -1.02400017
-2.00228596 -1.81126618 -1.02400017
-1.71607351 -1.68959308 -1.02400017
-1.49249363 -1.59556139 -1.02400017
-1.46100187 -1.58230078 -1.02400017
-1.43923509 -1.57330108 -1.02400017
-1.88973057 -1.75647998 -1.02400017
-1.67676520 -1.67042863 -1.02400017
-1.54198551 -1.61580718 -1.02400017
-1.98880315 -1.79242170 -1.02400017
-1.89681518 -1.75600529 -1.02400017
-1.79679477 -1.71691751 -1.02400017
-1.72484291 -1.68577361 -1.02400017
-1.88764942 -1.74937475 -1.02400017
-1.44650328 -1.57571602 -1.02400017
-1.99976206 -1.79057360 -1.02400017
-1.70077991 -1.67422247 -1.02400017
-1.65777254 -1.65702891 -1.02400017
-1.83616567 -1.72457528 -1.02400017
-1.87071002 -1.73716962 -1.02400017
-1.69968033 -1.67201900 -1.02400017
-1.85537279 -1.72954452 -1.02400017
-1.66039503 -1.65618074 -1.02400017
-1.60450673 -1.63474035 -1.02400017
-1.59719324 -1.63049054 -1.02400017
-1.72931314 -1.68057418 -1.02400017
-1.94371784 -1.75993502 -1.02400017
-1.62071180 -1.63783360 -1.02400017
-1.77717304 -1.69629216 -1.02400017
-1.87265909 -1.72977829 -1.02400017
-1.70765591 -1.66980195 -1.02400017
-1.62176585 -1.63659525 -1.02400017
-1.91093659 -1.74389493 -1.02400017
-1.90918303 -1.73796034 -1.02400017
-1.91229355 -1.74069464 -1.02400017
-1.92222023 -1.74291527 -1.02400017
-1.92645550 -1.74394810 -1.02400017
-1.94357312 -1.74746096 -1.02400017
-1.96085668 -1.75385153 -1.02400017
-1.90692890 -1.73745739 -1.02400017
-1.94826114 -1.74499083 -1.02400017
-1.87433505 -1.71974897 -1.02400017
-1.96940947 -1.75483835 -1.02400017
-1.65103519 -1.64301360 -1.02400017
-1.82076108 -1.70075965 -1.02400017
-1.90328741 -1.72930086 -1.02400017
-1.67013752 -1.65045273 -1.02400017
-1.51610982 -1.59442592 -1.02400017
-1.95780790 -1.73974931 -1.02400017
-1.98219264 -1.75262976 -1.02400017
-1.53767335 -1.60056818 -1.02400017
-1.82737315 -1.69761586 -1.02400017
-1.99326324 -1.75235617 -1.02400017
-1.77419615 -1.67999744 -1.02400017
-1.39536381 -1.55332494 -1.02400017
-1.76992226 -1.67573190 -1.02400017
-1.97954333 -1.74516571 -1.02400017
-1.53275323 -1.59877849 -1.02400017
-1.93150234 -1.72652125 -1.02400017
-2.00478005 -1.74917483 -1.02400017
-1.95648801 -1.73350203 -1.02400017
-1.71481514 -1.65603209 -1.02400017
-1.83935344 -1.69303381 -1.02400017
-1.58777690 -1.61393392 -1.02400017
-1.43244636 -1.56482875 -1.02400017
-1.83813715 -1.69354546 -1.02400017
-1.78826106 -1.67655504 -1.02400017
-1.88808608 -1.70856416 -1.02400017
-1.91192365 -1.71226108 -1.02400017
-1.52883184 -1.59345114 -1.02400017
-1.76299965 -1.66608524 -1.02400017
-1.78164268 -1.66976821 -1.02400017
-1.68796134 -1.64174068 -1.02400017
-1.70874870 -1.64713526 -1.02400017
-1.79419351 -1.56333959 -1.02400017
-1.51166344 -1.30536759 -1.02400017
-1.56317043 -1.35258877 -1.02400017
-1.47831297 -1.52257717 -1.02400017
-1.74517584 -1.53432322 -1.02400017
-1.50454116 -1.54140925 -1.02400017
-1.55325079 -1.48441243 -1.02400017
-1.52978396 -1.51184046 -1.02400017
-1.58531690 -1.40876651 -1.02400017
-1.64714122 -1.57401752 -1.02400017
-1.59266925 -1.59329784 -1.02400017
-1.54534602 -1.35662079 -1.02400017
-1.44256473 -1.56383753 -1.02400017
-1.66532242 -1.47967458 -1.02400017
-1.54053450 -1.47504711 -1.02400017
-1.51331568 -1.48336995 -1.02400017
-1.43640709 -1.55311811 -1.02400017
-1.91991436 -1.66258621 -1.02400017
-1.73057187 -1.61651349 -1.02400017
-1.71407306 -1.63180256 -1.02400017
-1.44706130 -1.41067624 -1.02400017
-1.65557361 -1.57775879 -1.02400017
-1.55096138 -1.51895845 -1.02400017
-1.76202118 -1.54111171 -1.02400017
-1.76434910 -1.64307106 -1.02400017
-1.42120731 -1.54166603 -1.02400017
-1.64158428 -1.59166873 -1.02400017
-1.52783549 -1.55902648 -1.02400017
-1.51710379 -1.48551786 -1.02400017
-1.67653728 -1.56113529 -1.02400017
-1.64445698 -1.46543717 -1.02400017
-1.38616276 -1.53744245 -1.02400017
-1.66063774 -1.43440771 -1.02400017
-1.42630148 -1.44237018 -1.02400017
-1.77484941 -1.55708241 -1.02400017
-1.92329884 -1.67237830 -1.02400017
-1.70645058 -1.48842692 -1.02400017
-1.65536869 -1.49388242 -1.02400017
-1.90753698 -1.64937174 -1.02400017
-1.53166628 -1.30585134 -1.02400017
-1.46866024 -1.44573402 -1.02400017
-1.85065520 -1.63058174 -1.02400017
-1.68466985 -1.55405462 -1.02400017
-1.87113011 -1.61703467 -1.02400017
-1.40013349 -1.52806282 -1.02400017
-1.59493208 -1.43623495 -1.02400017
-1.68106592 -1.50465715 -1.02400017
-1.49098456 -1.52161062 -1.02400017
-1.59094918 -1.39442778 -1.02400017
-1.82790768 -1.60686302 -1.02400017
-1.65916121 -1.55091393 -1.02400017
-1.70840788 -1.53097451 -1.02400017
-1.45412922 -1.42199004 -1.02400017
-1.54336429 -1.35310030 -1.02400017
-1.53829479 -1.41966772 -1.02400017
-1.56831694 -1.55404282 -1.02400017
-1.71299958 -1.53737068 -1.02400017
-1.99585366 -1.72670782 -1.02400017
-1.57311094 -1.55750561 -1.02400017
-1.47946095 -1.51063943 -1.02400017
-1.55508566 -1.49339974 -1.02400017
-1.76279581 -1.52201235 -1.02400017
-1.68211079 -1.58152258 -1.02400017
-1.47317553 -1.42699540 -1.02400017
-1.39337075 -1.52864802 -1.02400017
-1.60633099 -1.40808618 -1.02400017
-1.69263554 -1.57401764 -1.02400017
-1.83362615 -1.66765296 -1.02400017
-1.53519225 -1.51941597 -1.02400017
-1.40917218 -1.53573906 -1.02400017
-1.58084297 -1.45438838 -1.02400017
-1.49748468 -1.31906736 -1.02400017
-1.77950633 -1.66273463 -1.02400017
-1.58051753 -1.37934458 -1.02400017
-1.38207006 -1.52934623 -1.02400017
-1.73418641 -1.58856738 -1.02400017
-1.49410295 -1.35432971 -1.02400017
-1.91565943 -1.67254889 -1.02400017
-1.49911523 -1.52378261 -1.02400017
-1.73914802 -1.53819478 -1.02400017
-1.65407300 -1.42092037 -1.02400017
-1.68026376 -1.44986427 -1.02400017
-1.70723474 -1.63586771 -1.02400017
-1.44839561 -1.52312481 -1.02400017
-1.59568501 -1.54465449 -1.02400017
-1.53132236 -1.34791946 -1.02400017
-1.52201080 -1.55928230 -1.02400017
-1.49172318 -1.51976347 -1.02400017
-1.83951437 -1.64742482 -1.02400017
-1.66503263 -1.45233214 -1.02400017
-1.87393963 -1.65349901 -1.02400017
-1.75180793 -1.57655370 -1.02400017
-1.61834109 -1.42224991 -1.02400017
-1.68862915 -1.51836181 -1.02400017
-1.65867579 -1.55021679 -1.02400017
-1.49461043 -1.41600263 -1.02400017
-1.46760702 -1.50995576 -1.02400017
-1.60302722 -1.51587451 -1.02400017
-1.60800278 -1.51266778 -1.02400017
-1.72318196 -1.58564317 -1.02400017
-1.52227020 -1.47908485 -1.02400017
-1.48810303 -1.36754429 -1.02400017
-1.40438771 -1.49308324 -1.02400017
-1.59559083 -1.40100718 -1.02400017
-1.75181079 -1.63871205 -1.02400017
-1.47877252 -1.47967243 -1.02400017
-1.52289188 -1.49668193 -1.02400017
-1.69477987 -1.59310734 -1.02400017
-1.40062940 -1.53941143 -1.02400017
-1.65058768 -1.44306254 -1.02400017
-1.78785563 -1.66045344 -1.02400017
-1.74857044 -1.55547750 -1.02400017
-1.49443328 -1.38908339 -1.02400017
-1.54722095 -1.44389701 -1.02400017
-1.72039008 -1.62932825 -1.02400017
-1.66726351 -1.42414701 -1.02400017
-1.54871070 -1.42358470 -1.02400017
-1.45224333 -1.50109470 -1.02400017
-1.78973937 -1.62076867 -1.02400017
-1.67721665 -1.57409728 -1.02400017
-1.61786139 -1.40252602 -1.02400017
-1.93591011 -1.69471669 -1.02400017
-1.60363448 -1.39563656 -1.02400017
-1.63876784 -1.57470489 -1.02400017
-1.59868884 -1.53972208 -1.02400017
-1.72206330 -1.58559537 -1.02400017
-1.71808219 -1.50517964 -1.02400017
-1.72473419 -1.56299400 -1.02400017
-1.60145569 -1.44085348 -1.02400017
-1.54928851 -1.37159371 -1.02400017
-1.45757806 -1.54671574 -1.02400017
-1.65779710 -1.42549646 -1.02400017
-1.54916155 -1.39977396 -1.02400017
-1.58958411 -1.58786631 -1.02400017
-1.57736588 -1.51703453 -1.02400017
-1.75868809 -1.63422585 -1.02400017
-1.44008374 -1.47490978 -1.02400017
-1.59663665 -1.39051580 -1.02400017
-1.47365606 -1.50789475 -1.02400017
-1.43696153 -1.45037878 -1.02400017
-1.60169363 -1.45043766 -1.02400017
-1.65507221 -1.42021954 -1.02400017
-1.65996015 -1.57163060 -1.02400017
-1.79204965 -1.63719189 -1.02400017
-1.52050972 -1.42010021 -1.02400017
-1.60945487 -1.38769948 -1.02400017
-1.74617028 -1.59237468 -1.02400017
-1.48992002 -1.42930377 -1.02400017
-1.58907342 -1.59634292 -1.02400017
-1.61827064 -1.40088022 -1.02400017
-1.51367986 -1.49276662 -1.02400017
-1.39544821 -1.49282515 -1.02400017
-1.51417363 -1.51048017 -1.02400017
-1.84026015 -1.68033743 -1.02400017
-1.60707104 -1.38203740 -1.02400017
-1.54625857 -1.46580255 -1.02400017
-1.66216850 -1.55626535 -1.02400017
-1.53921020 -1.42291009 -1.02400017
-1.61769891 -1.48466825 -1.02400017
-1.77000260 -1.62724388 -1.02400017
-1.81798303 -1.56946898 -1.02400017
-1.64773691 -1.51341939 -1.02400017
-1.60809493 -1.56995726 -1.02400017
-1.40468216 -1.53070068 -1.02400017
-2.00470662 -1.73167479 -1.02400017
-1.70781517 -1.56809223 -1.02400017
-1.84710193 -1.61597145 -1.02400017
-1.71515119 -1.47271609 -1.02400017
-1.50640619 -1.35338247 -1.02400017
-1.88949633 -1.67539155 -1.02400017
-1.61668992 -1.56703794 -1.02400017
-1.48008990 -1.34731674 -1.02400017
-1.84692287 -1.68564308 -1.02400017
-1.66198230 -1.56440198 -1.02400017
-1.58470523 -1.45178854 -1.02400017
-1.67502904 -1.50801039 -1.02400017
-1.46214247 -1.38981426 -1.02400017
-1.43773329 -1.52872479 -1.02400017
-1.46431947 -1.53472090 -1.02400017
-1.47112644 -1.51179492 -1.02400017
-1.56872654 -1.51157665 -1.02400017
-1.83281028 -1.65868223 -1.02400017
-1.42241180 -1.51547253 -1.02400017
-1.57869148 -1.36656201 -1.02400017
-1.54511714 -1.50920284 -1.02400017
-1.93955922 -1.68321693 -1.02400017
-1.44288921 -1.48433006 -1.02400017
-1.90964842 -1.68212235 -1.02400017
-1.59911883 -1.36746526 -1.02400017
-1.67315888 -1.59824502 -1.02400017
-1.71464753 -1.52174664 -1.02400017
-1.57489109 -1.42125475 -1.02400017
-1.82306445 -1.58127952 -1.02400017
-1.67580771 -1.52004838 -1.02400017
-1.40845299 -1.55283630 -1.02400017
-1.59384596 -1.50382280 -1.02400017
-1.57581890 -1.51912427 -1.02400017
-1.75202870 -1.61608303 -1.02400017
-1.54248965 -1.42859590 -1.02400017
-1.70747209 -1.51183915 -1.02400017
-1.92501473 -1.66969252 -1.02400017
-1.99011254 -1.72570741 -1.02400017
-1.63796449 -1.48003280 -1.02400017
-1.77342546 -1.54978704 -1.02400017
-1.57414961 -1.49489760 -1.02400017
-1.73873961 -1.51324379 -1.02400017
-1.59445095 -1.58383644 -1.02400017
-1.53343618 -1.57517433 -1.02400017
-1.58501816 -1.39176452 -1.02400017
-1.40982127 -1.52618551 -1.02400017
-1.53360033 -1.58386111 -1.02400017
-1.54563236 -1.55084586 -1.02400017
-1.61458421 -1.42455864 -1.02400017
-1.48677552 -1.54318726 -1.02400017
-1.54181433 -1.35974526 -1.02400017
-1.81301212 -1.56430268 -1.02400017
-1.70643234 -1.57227802 -1.02400017
-1.66482508 -1.60323799 -1.02400017
-1.49660027 -1.37777030 -1.02400017
-1.43497491 -1.51075351 -1.02400017
-1.90189004 -1.67536855 -1.02400017
-1.47938418 -1.36721230 -1.02400017
-1.61830974 -1.59395921 -1.02400017
-1.66664600 -1.44246054 -1.02400017
-1.61091959 -1.41752112 -1.02400017
-1.80961382 -1.57094193 -1.02400017
-1.47426283 -1.48521817 -1.02400017
-1.46563518 -1.38869452 -1.02400017
-1.66060531 -1.54404819 -1.02400017
-1.88837576 -1.67692733 -1.02400017
-1.85051131 -1.62060452 -1.02400017
-1.53594255 -1.34404314 -1.02400017
-1.85233128 -1.67211449 -1.02400017
-1.41991651 -1.53347981 -1.02400017
-1.61133647 -1.61266732 -1.02400017
-1.84545004 -1.67917395 -1.02400017
-1.47918999 -1.36389625 -1.02400017
-1.40842581 -1.48200345 -1.02400017
-1.91045678 -1.64480436 -1.02400017
-1.64255631 -1.62279558 -1.02400017
-1.55900943 -1.33344877 -1.02400017
-1.57242930 -1.51530290 -1.02400017
-1.87519157 -1.68668699 -1.02400017
-1.54191101 -1.55511987 -1.02400017
-1.54538953 -1.49048996 -1.02400017
-1.71281564 -1.55665076 -1.02400017
-1.91565394 -1.66328979 -1.02400017
-1.92451811 -1.66460276 -1.02400017
-1.82235277 -1.58672202 -1.02400017
-1.73900032 -1.54803896 -1.02400017
-1.58837914 -1.41684818 -1.02400017
-1.85822558 -1.65072298 -1.02400017
-1.64376438 -1.59234452 -1.02400017
-1.56802249 -1.45513713 -1.02400017
-1.84217119 -1.66275883 -1.02400017
-1.66083658 -1.58914363 -1.02400017
-1.49434650 -1.50645852 -1.02400017
-1.76428854 -1.53873777 -1.02400017
-1.50407684 -1.38085759 -1.02400017
-1.61874628 -1.38427377 -1.02400017
-1.51768613 -1.35042942 -1.02400017
-1.74604023 -1.57099330 -1.02400017
-1.51912069 -1.44855535 -1.02400017
-1.71678674 -1.58450675 -1.02400017
-1.80716491 -1.64060903 -1.02400017
-1.56342876 -1.45166910 -1.02400017
-1.46809971 -1.52755749 -1.02400017
-1.93055427 -1.70098758 -1.02400017
-1.61793828 -1.61815727 -1.02400017
-1.58199990 -1.45702338 -1.02400017
-1.68750834 -1.61523390 -1.02400017
-1.61952364 -1.60227191 -1.02400017
-1.89148521 -1.66733420 -1.02400017
-1.58753359 -1.56613922 -1.02400017
-1.93989551 -1.71405756 -1.02400017
-1.73306441 -1.64250946 -1.02400017
-1.69059348 -1.60659218 -1.02400017
-1.51671231 -1.30413961 -1.02400017
-1.68107116 -1.58565533 -1.02400017
-1.57079911 -1.41136312 -1.02400017
-1.59530485 -1.47381389 -1.02400017
-1.73208618 -1.56936920 -1.02400017
-1.79590106 -1.62913620 -1.02400017
-1.55328274 -1.56637490 -1.02400017
-1.53797650 -1.37350404 -1.02400017
-1.55770981 -1.56437564 -1.02400017
-1.51166177 -1.32697058 -1.02400017
-1.58522689 -1.39331985 -1.02400017
-1.72628677 -1.55185390 -1.02400017
-1.57233965 -1.46075737 -1.02400017
-1.77617538 -1.52639878 -1.02400017
-1.61179268 -1.41013575 -1.02400017
-1.59749162 -1.56363583 -1.02400017
-1.40908432 -1.47005272 -1.02400017
-1.51816285 -1.39272416 -1.02400017
-1.49038351 -1.33513618 -1.02400017
-1.55408514 -1.35258996 -1.02400017
-1.96675849 -1.54909921 -1.02400017
-2.03680158 -1.60117877 -1.02400017
-2.15531826 -1.69081759 -1.02400017
-2.03148293 -1.58972979 -1.02400017
-1.66842163 -1.38005102 -1.02400017
-2.05462170 -1.60716927 -1.02400017
-2.05692720 -1.59951758 -1.02400017
-1.84034801 -1.48481286 -1.02400017
-2.20917749 -1.69896257 -1.02400017
-1.89139462 -1.52075148 -1.02400017
-2.16548657 -1.66210294 -1.02400017
-1.88874781 -1.50847995 -1.02400017
-2.11309791 -1.65058267 -1.02400017
-2.07889581 -1.62922966 -1.02400017
-2.05577779 -1.60462928 -1.02400017
-1.93965864 -1.53580201 -1.02400017
-2.00737619 -1.57304966 -1.02400017
-2.20553708 -1.69261122 -1.02400017
-1.97357488 -1.56822240 -1.02400017
-2.17364597 -1.68938637 -1.02400017
-2.12587595 -1.65578890 -1.02400017
-2.04204297 -1.60586333 -1.02400017
-2.08822942 -1.64240658 -1.02400017
-2.16315460 -1.67289460 -1.02400017
-2.15389729 -1.67034662 -1.02400017
-2.18167830 -1.67780972 -1.02400017
-1.69334650 -1.38865900 -1.02400017
-2.17939425 -1.69649422 -1.02400017
-1.69606829 -1.39536607 -1.02400017
-2.03532147 -1.59437478 -1.02400017
-2.24955750 -1.71466732 -1.02400017
-1.98381078 -1.55775630 -1.02400017
-1.66248012 -1.37433577 -1.02400017
-1.97342920 -1.57603467 -1.02400017
-2.00928879 -1.59227347 -1.02400017
-2.15567279 -1.65603065 -1.02400017
-1.63315642 -1.35194016 -1.02400017
-1.88141346 -1.49695528 -1.02400017
-2.04915380 -1.60711610 -1.02400017
-1.61618042 -1.34668064 -1.02400017
-2.02171087 -1.59756804 -1.02400017
-1.86991179 -1.49134278 -1.02400017
-2.29959869 -1.74384201 -1.02400017
-1.80397820 -1.45523214 -1.02400017
-2.22943306 -1.71625996 -1.02400017
-2.20483375 -1.69920015 -1.02400017
-1.88996112 -1.50470829 -1.02400017
-2.16190839 -1.66393828 -1.02400017
-2.09780598 -1.63184726 -1.02400017
-2.08482242 -1.62489200 -1.02400017
-2.26432085 -1.73240924 -1.02400017
-1.97183490 -1.57624578 -1.02400017
-1.89730775 -1.52927017 -1.02400017
-1.58598423 -1.32914722 -1.02400017
-2.09504747 -1.65704978 -1.02400017
-1.89791715 -1.53166795 -1.02400017
-2.02307510 -1.61155748 -1.02400017
-1.91729319 -1.54433429 -1.02400017
-2.04203510 -1.62684476 -1.02400017
-2.07699990 -1.91314423 -1.02400017
-1.91614401 -1.84827042 -1.02400017
-2.19257712 -2.01791739 -1.02400017
-1.41989887 -1.56982803 -1.02400017
-2.16780949 -1.99598849 -1.02400017
-1.93127513 -1.86007488 -1.02400017
-1.84142709 -1.77295578 -1.02400017
-1.99735928 -1.90428627 -1.02400017
-2.10905910 -1.95958710 -1.02400017
-2.00077772 -1.88878345 -1.02400017
-1.92840660 -1.86761546 -1.02400017
-2.05174589 -1.89452946 -1.02400017
-1.80606043 -1.79349172 -1.02400017
-1.50314963 -1.60989618 -1.02400017
-1.65143168 -1.68143940 -1.02400017
-1.74273884 -1.75821209 -1.02400017
-1.53106427 -1.63420832 -1.02400017
-2.07724690 -1.91268790 -1.02400017
-1.72635090 -1.73406506 -1.02400017
-1.94003654 -1.82461119 -1.02400017
-1.94985068 -1.85892582 -1.02400017
-1.50962710 -1.61371243 -1.02400017
-2.09264493 -1.95642376 -1.02400017
-1.78242862 -1.75314724 -1.02400017
-1.90098321 -1.82169986 -1.02400017
-2.04166913 -1.88022566 -1.02400017
-1.67888772 -1.70151842 -1.02400017
-1.99801219 -1.85709202 -1.02400017
-1.77068746 -1.76232040 -1.02400017
-1.99585032 -1.88554668 -1.02400017
-1.87991917 -1.81126213 -1.02400017
-2.08905816 -1.94354868 -1.02400017
-2.10073233 -1.94680226 -1.02400017
-1.86179054 -1.82681799 -1.02400017
-1.64316773 -1.70082545 -1.02400017
-1.97595990 -1.84243548 -1.02400017
-1.90987480 -1.84898460 -1.02400017
-1.77223575 -1.73987293 -1.02400017
-1.71439660 -1.72124779 -1.02400017
-1.84446728 -1.77802861 -1.02400017
-1.62129593 -1.68482339 -1.02400017
-1.65375948 -1.70222521 -1.02400017
-2.12152338 -1.95778739 -1.02400017
-2.10349011 -1.93869972 -1.02400017
-1.43747139 -1.57942414 -1.02400017
-2.08535147 -1.94744635 -1.02400017
-1.76859796 -1.76553357 -1.02400017
-1.95810556 -1.86726606 -1.02400017
-1.82268941 -1.77204490 -1.02400017
-1.81735039 -1.80127668 -1.02400017
-1.76182580 -1.76793182 -1.02400017
-1.81363654 -1.78087008 -1.02400017
-1.62075794 -1.67752707 -1.02400017
-1.90053332 -1.82993960 -1.02400017
-1.94111192 -1.84140229 -1.02400017
-1.75023472 -1.76110423 -1.02400017
-1.74079263 -1.73200488 -1.02400017
-1.64894688 -1.70165646 -1.02400017
-1.81492841 -1.76106179 -1.02400017
-1.77810240 -1.77966130 -1.02400017
-2.07859826 -1.95225716 -1.02400017
-1.67854595 -1.71185696 -1.02400017
-1.98604465 -1.88782990 -1.02400017
-1.97896552 -1.86619914 -1.02400017
-1.55779111 -1.64363623 -1.02400017
-1.91942954 -1.82683754 -1.02400017
-1.92634213 -1.81748772 -1.02400017
-1.77784538 -1.75202119 -1.02400017
-1.70095205 -1.73064971 -1.02400017
-1.98695445 -1.88824165 -1.02400017
-1.87182152 -1.80696297 -1.02400017
-1.96712184 -1.85581625 -1.02400017
-2.04652190 -1.88316190 -1.02400017
-2.03868032 -1.89927351 -1.02400017
-1.68943048 -1.70484769 -1.02400017
-2.05067849 -1.90290701 -1.02400017
-1.90363157 -1.82367492 -1.02400017
-1.53693366 -1.62902343 -1.02400017
-1.85873628 -1.79038596 -1.02400017
-2.11074734 -1.97122228 -1.02400017
-2.09104705 -1.92616212 -1.02400017
-1.91262794 -1.80697072 -1.02400017
-1.76256227 -1.73440313 -1.02400017
-1.79354417 -1.74871850 -1.02400017
-1.72838795 -1.71691334 -1.02400017
-1.71877837 -1.71073806 -1.02400017
-1.93841898 -1.81492043 -1.02400017
-2.01015782 -1.84949577 -1.02400017
-2.35036469 -1.77221715 -0.77643931
-2.32788205 -1.81115830 -0.83966881
-2.27630091 -1.90049946 -0.84985298
-2.25515175 -1.93713093 -0.98075497
-2.21427798 -2.00792623 -1.00738645
-2.30549693 -1.84993052 -0.89607453
-2.30671549 -1.84781992 -0.79590803
-2.32417774 -1.81757414 -0.72057861
-2.26494408 -1.92016983 -1.01381302
-2.26272941 -1.92400575 -0.98975337
-2.34400678 -1.78322923 -0.72581017
-2.27636600 -1.90038657 -0.88340878
-2.35191536 -1.76953149 -0.82798576
-2.34102106 -1.78840077 -0.69669527
-2.27557349 -1.90175927 -0.95405209
-2.31421351 -1.83483303 -0.77995372
-2.24321437 -1.95780683 -0.97284347
-2.33759952 -1.79432726 -0.75355244
-2.25485182 -1.93765056 -0.99211586
-2.28029418 -1.89358282 -0.92909962
-2.29429412 -1.86933434 -0.84685022
-2.33672643 -1.79583955 -0.93723941
-2.21469784 -2.00719905 -0.99735767
-2.29797196 -1.86296380 -0.76434386
-2.32834029 -1.81036472 -0.74465752
-2.25009465 -1.94588995 -0.94888240
-2.34059858 -1.78913236 -1.02042603
-2.34085727 -1.78868437 -0.98945266
-2.29599857 -1.86638200 -1.01962602
-2.26874280 -1.91359055 -0.88419044
-2.33031559 -1.80694342 -0.83108932
-2.32157183 -1.82208788 -0.81366152
-2.32419610 -1.81754255 -0.79917878
-2.22693586 -1.98600233 -1.01054525
-2.24005961 -1.96327138 -0.98767960
-2.32076836 -1.82347941 -0.90593356
-2.32124233 -1.82265866 -0.65046179
-2.23960137 -1.96406507 -0.91417140
-2.32618761 -1.81409287 -0.69349557
-2.32911921 -1.80901539 -0.93403614
-2.34011078 -1.78997743 -0.95636791
-2.32610321 -1.81423914 -0.75219655
-2.28917670 -1.87819779 -0.95000756
-2.23712754 -1.96834946 -1.00502634
-2.28557229 -1.88444102 -0.78335321
-2.28671002 -1.88247025 -0.91187572
-2.27291536 -1.90636337 -0.85403353
-2.29982257 -1.85975862 -1.00632715
-2.31685495 -1.83025753 -0.71958244
-2.30656266 -1.84808445 -0.95934927
-2.27434063 -1.90389478 -0.98326898
-2.27416468 -1.90419924 -0.91590798
-2.32988596 -1.80768728 -0.89814204
-2.31877041 -1.82694018 -0.86439133
-2.31954002 -1.82560718 -0.66365319
-2.30391812 -1.85266495 -0.89354402
-2.32405353 -1.81778955 -0.95143771
-2.26483822 -1.92035341 -0.99637026
-2.34902096 -1.77454436 -0.74161470
-2.32213473 -1.82111299 -0.95473808
-2.32271266 -1.82011175 -0.97265643
-2.32035136 -1.82420170 -0.75153005
-2.27695775 -1.89936161 -0.96368635
-2.31157684 -1.83939958 -0.79244435
-2.34641123 -1.77906466 -0.61207408
-2.26265144 -1.92414117 -0.84836197
-2.34664845 -1.77865398 -0.81635326
-2.29956579 -1.86020339 -0.89050716
-2.26800752 -1.91486382 -0.93186265
-2.35258245 -1.76837575 -0.74476576
-2.29708982 -1.86449194 -0.79430062
-2.34745193 -1.77726233 -0.74671096
-2.32966328 -1.80807292 -0.90444261
-2.33085322 -1.80601215 -0.96586162
-2.30867410 -1.84442735 -0.81400764
-2.28911424 -1.87830603 -1.01909387
-2.34336948 -1.78433311 -0.99450046
-2.26020265 -1.92838228 -0.94641942
-2.29665732 -1.86524105 -1.00242400
-2.31749964 -1.82914114 -1.01872480
-2.35223126 -1.76898396 -0.89989871
-2.32926106 -1.80876970 -0.76024473
-2.28675556 -1.88239157 -0.88460785
-2.29376650 -1.87024820 -0.98307788
-2.23795676 -1.96691334 -0.97163701
-2.30520940 -1.85042834 -0.87879902
-2.29694057 -1.86475039 -0.94059300
-2.25433397 -1.93854749 -0.91869533
-2.22386956 -1.99131310 -1.01648223
-2.32506561 -1.81603634 -0.64955389
-2.34934497 -1.77398336 -0.73208851
-2.25237751 -1.94193590 -0.88162863
-2.29146075 -1.87424171 -1.01703978
-2.30158901 -1.85669899 -0.94152677
-2.32679152 -1.81304693 -0.80983812
-2.33669639 -1.79589152 -0.68913209
-2.32240510 -1.82064450 -0.79158396
-2.29769230 -1.86344862 -0.95881349
-2.34084630 -1.78870356 -0.72161067
-2.26332736 -1.92297029 -0.99045789
-2.26325297 -1.92309928 -0.94362062
-2.30904245 -1.84378922 -0.97073627
-2.34012604 -1.78995121 -0.92188847
-2.35090923 -1.77127397 -0.99259651
-2.35222840 -1.76898897 -0.96943849
-2.31477451 -1.83386123 -1.00925994
-2.35203433 -1.76932538 -0.65203917
-2.25131774 -1.94377136 -0.93074459
-2.30946970 -1.84304953 -0.71543455
-2.26112485 -1.92678511 -1.02285922
-2.25556469 -1.93641567 -0.86678547
-2.30561018 -1.84973419 -0.75640851
-2.29087043 -1.87526441 -1.00247252
-2.33996272 -1.79023385 -0.75119245
-2.34003043 -1.79011643 -0.90255851
-2.34350085 -1.78410578 -0.60606575
-2.24325204 -1.95774186 -0.90931642
-2.31211019 -1.83847594 -0.72182518
-2.25776958 -1.93259668 -0.90910548
-2.34264636 -1.78558588 -0.77696323
-2.30057669 -1.85845256 -0.79553115
-2.32578063 -1.81479812 -1.00990307
-2.33499360 -1.79884052 -0.95180583
-2.30416107 -1.85224438 -0.81015611
-2.25280285 -1.94119918 -0.97641826
-2.34582472 -1.78008056 -0.98964918
-2.34265471 -1.78557134 -0.79160792
-2.29306579 -1.87146187 -0.93392038
-2.28264046 -1.88951910 -0.77529633
-2.32588959 -1.81460941 -0.90990496
-2.34229302 -1.78619778 -0.87821472
-2.28712225 -1.88175607 -0.97743118
-2.30409598 -1.85235691 -0.83913285
-2.23079062 -1.97932577 -0.98206800
-2.33674216 -1.79581213 -0.67520326
-2.35043359 -1.77209783 -0.74749935
-2.31735086 -1.82939875 -0.86535084
-2.33359575 -1.80126202 -0.79357219
-2.27746725 -1.89847922 -0.89711559
-2.28915572 -1.87823427 -0.80845386
-2.27733374 -1.89871049 -0.86661494
-2.34886241 -1.77481925 -0.64410770
-2.32803655 -1.81089079 -0.98929238
-2.29337120 -1.87093258 -0.92482305
-2.32992840 -1.80761397 -0.69272810
-2.28626728 -1.88323700 -0.95396376
-2.30867577 -1.84442472 -0.79622036
-2.33640313 -1.79639935 -0.75916064
-2.31508493 -1.83332348 -0.92161590
-2.29875350 -1.86161029 -0.83426732
-2.25665712 -1.93452334 -0.95793432
-2.25233436 -1.94201088 -1.00697362
-2.30261159 -1.85492802 -0.78083503
-2.30936408 -1.84323227 -0.97433352
-2.29227519 -1.87283123 -0.75091881
-2.32068992 -1.82361531 -0.91814691
-2.29900074 -1.86118209 -0.73439807
-2.24503732 -1.95464957 -0.93006158
-2.28347301 -1.88807678 -1.01179004
-2.28783107 -1.88052857 -0.96448183
-2.33879042 -1.79226458 -0.74766666
-2.29741549 -1.86392784 -0.91793877
-2.33590055 -1.79726982 -0.68033636
-2.29371786 -1.87033224 -1.01170266
-2.30563045 -1.84969938 -0.98023957
-2.30418849 -1.85219681 -0.81357688
-2.33730912 -1.79482996 -0.81528276
-2.35029078 -1.77234530 -0.97857738
-2.30298901 -1.85427439 -1.01224017
-2.30502081 -1.85075486 -0.89119071
-2.34756660 -1.77706349 -0.59743899
-2.30008769 -1.85929942 -0.82390338
-2.28709269 -1.88180768 -0.88837272
-2.33795285 -1.79371524 -0.87934637
-2.31061983 -1.84105742 -0.87820762
-2.29077435 -1.87543082 -1.01271284
-2.28162909 -1.89127076 -0.93573505
-2.32180572 -1.82168281 -0.83258861
-2.23158956 -1.97794163 -0.97661167
-2.35014224 -1.77260268 -0.90864754
-2.30121279 -1.85735095 -0.86633337
-2.33892083 -1.79203868 -0.86673087
-2.34041524 -1.78945005 -1.00027907
-2.24094915 -1.96173036 -0.91043651
-2.32669926 -1.81320691 -0.88631052
-2.32198477 -1.82137275 -0.98691839
-2.34266305 -1.78555679 -0.60031050
-2.23963356 -1.96400928 -0.92840332
-2.27489281 -1.90293837 -0.82787991
-2.34783530 -1.77659833 -0.96208817
-2.31548572 -1.83262944 -0.97723436
-2.34641600 -1.77905643 -0.63617301
-2.29025459 -1.87633085 -0.75196266
-2.35252404 -1.76847684 -0.76035899
-2.26005912 -1.92863119 -0.85293955
-2.33655334 -1.79613912 -0.64078331
-2.31084609 -1.84066534 -0.94652593
-2.34453249 -1.78231895 -0.68905264
-2.33815122 -1.79337156 -0.86480421
-2.29358315 -1.87056553 -0.74345708
-2.31804967 -1.82818842 -0.97513127
-2.32749081 -1.81183612 -1.01938319
-2.34530401 -1.78098261 -0.96457928
-2.31490684 -1.83363199 -1.00912714
-2.29665947 -1.86523724 -0.99172384
-2.28694773 -1.88205874 -0.88829428
-2.33187962 -1.80423439 -0.66118419
-2.28933668 -1.87792099 -0.80674726
-2.34633350 -1.77919948 -1.01152802
-2.28758836 -1.88094902 -0.98554462
-2.27492070 -1.90288997 -0.89013934
-2.33278084 -1.80267334 -0.72996914
-2.28293157 -1.88901472 -1.01227212
-2.34721351 -1.77767503 -0.61629695
-2.25101280 -1.94429970 -0.60372847
-2.24348760 -1.95733356 -0.84252363
-2.33400869 -1.80054665 -0.56373721
-2.23048949 -1.97984719 -0.76919162
-2.23866963 -1.96567869 -0.60586900
-2.28302932 -1.88884556 -0.74789900
-2.24474430 -1.95515704 -0.84522837
-2.24070239 -1.96215773 -0.70052862
-2.24323511 -1.95777118 -0.55084693
-2.23117614 -1.97865796 -0.68895262
-2.23684859 -1.96883273 -0.87597442
-2.30233932 -1.85539973 -0.60017723
-2.24521375 -1.95434415 -0.72920775
-2.22051573 -1.99712217 -0.86811453
-2.21842599 -2.00074172 -0.74062759
-2.23684287 -1.96884263 -0.67117989
-2.23767138 -1.96740758 -0.60201675
-2.31047773 -1.84130359 -0.58672118
-2.22754717 -1.98494351 -0.77434194
-2.29522109 -1.86772859 -0.56659061
-2.26305723 -1.92343795 -0.65874940
-2.27293491 -1.90632951 -0.64474446
-2.23824477 -1.96641469 -0.71376652
-2.22302103 -1.99278283 -0.87099594
-2.23189354 -1.97741544 -0.59263957
-2.26159692 -1.92596757 -0.83265406
-2.22591472 -1.98777092 -0.87557167
-2.32183886 -1.82162523 -0.55075186
-2.28570604 -1.88420939 -0.65262777
-2.22347760 -1.99199224 -0.73313022
-2.22527719 -1.98887491 -0.92599887
-2.21158290 -2.01259446 -0.66905427
-2.29553390 -1.86718702 -0.56164598
-2.26151466 -1.92611003 -0.76934505
-2.22825956 -1.98370957 -0.64929754
-2.24702430 -1.95120800 -0.82247478
-2.23253632 -1.97630191 -0.62978435
-2.24710703 -1.95106494 -0.59163994
-2.28590369 -1.88386691 -0.65518922
-2.21271038 -2.01064134 -0.81813973
-2.21097875 -2.01364064 -0.60702300
-2.22766709 -1.98473549 -0.66147661
-2.25383592 -1.93941009 -0.84144068
-2.23653674 -1.96937287 -0.59247828
-2.22505140 -1.98926616 -0.67117900
-2.21255183 -2.01091599 -0.75974602
-2.20441318 -2.02501249 -0.65407848
-2.25765824 -1.93278933 -0.84590924
-2.24964786 -1.94666374 -0.69004977
-2.34586287 -1.78001451 -0.56127477
-2.21973658 -1.99847186 -0.69865042
-2.23631358 -1.96975958 -0.56001395
-2.20379257 -2.02608776 -0.65955943
-2.20720363 -2.02017951 -0.92781371
-2.21127987 -2.01311922 -0.64983749
-2.31526613 -1.83300972 -0.66787958
-2.28760958 -1.88091242 -0.69810802
-2.25458026 -1.93812072 -0.78923947
-2.20860648 -2.01774979 -0.84961462
-2.27463245 -1.90338922 -0.73746341
-2.29527926 -1.86762810 -0.58950454
-2.24225998 -1.95946002 -0.67522103
-2.28734446 -1.88137126 -0.71451074
-2.26167583 -1.92583084 -0.75539809
-2.31665564 -1.83060312 -0.66247749
-2.23606277 -1.97019374 -0.84130824
-2.25338268 -1.94019496 -0.79187137
-2.24405909 -1.95634389 -0.57866198
-2.24972486 -1.94653058 -0.73567981
-2.29440045 -1.86915028 -0.63124257
-2.31939387 -1.82586002 -0.62630785
-2.21083498 -2.01388979 -0.88564545
-2.24138474 -1.96097612 -0.80454880
-2.25880051 -1.93081081 -0.83820558
-2.24304318 -1.95810354 -0.78135306
-2.30598307 -1.84908831 -0.61203724
-2.23103237 -1.97890663 -0.93227011
-2.23772264 -1.96731889 -0.62643445
-2.25720835 -1.93356884 -0.81316543
-2.23580289 -1.97064412 -0.80582303
-2.24520516 -1.95435870 -0.75097364
-2.21362615 -2.00905538 -0.56252193
-2.23150086 -1.97809517 -0.65502888
-2.25102496 -1.94427848 -0.70540810
-2.21090817 -2.01376295 -0.56273937
-2.25219584 -1.94225049 -0.65637159
-2.33050680 -1.80661213 -0.59700859
-2.21041250 -2.01462150 -0.77317303
-2.29735899 -1.86402559 -0.61397040
-2.24220872 -1.95954871 -0.80303180
-2.20601082 -2.02224541 -0.64198077
-2.21132159 -2.01304674 -0.69955158
-2.27335024 -1.90561020 -0.76408815
-2.24379826 -1.95679545 -0.64356476
-2.31667113 -1.83057618 -0.58487958
-2.25104976 -1.94423592 -0.60571223
-2.24574327 -1.95342684 -0.71343881
-2.23367023 -1.97433805 -0.69295228
-2.25292253 -1.94099188 -0.79317749
-2.24905229 -1.94769561 -0.70626128
-2.23169279 -1.97776294 -0.71862859
-2.23342252 -1.97476697 -0.60263115
-2.21362400 -2.00905919 -0.70428151
-2.20892930 -2.01719022 -0.55175501
-2.29028392 -1.87628007 -0.60996574
-2.24694991 -1.95133674 -0.57269460
-2.32008529 -1.82466269 -0.54829717
-2.25282574 -1.94115949 -0.60376686
-2.25404716 -1.93904424 -0.64057273
-2.21428156 -2.00792003 -0.91075158
-2.26042438 -1.92799854 -0.55238855
-2.25998878 -1.92875302 -0.66829914
-2.21839714 -2.00079179 -0.71222490
-2.30456424 -1.85154569 -0.55920941
-2.30636382 -1.84842885 -0.61350644
-2.30914235 -1.84361649 -0.63102823
-2.28683972 -1.88224566 -0.73245174
-2.24597263 -1.95302951 -0.64601707
-2.26078701 -1.92737007 -0.68654943
-2.20566797 -2.02283907 -0.75753313
-2.22972512 -1.98117113 -0.65845203
-2.27421069 -1.90411973 -0.60274804
-2.29253697 -1.87237763 -0.59316385
-2.30187774 -1.85619903 -0.67702752
-2.22910881 -1.98223853 -0.89402688
-2.23077559 -1.97935176 -0.69988841
-2.32751632 -1.81179190 -0.61449248
-2.22432065 -1.99053180 -0.62728113
-2.20807743 -2.01866603 -0.60360640
-2.23607111 -1.97017944 -0.59947050
-2.25678110 -1.93430853 -0.81414777
-2.23641396 -1.96958578 -0.60344321
-2.28509402 -1.88526917 -0.56117916
-2.32581830 -1.81473267 -0.57853097
-2.33523440 -1.79842377 -0.57136047
-2.28981233 -1.87709713 -0.67138827
-2.29807210 -1.86279058 -0.63703763
-2.23084307 -1.97923481 -0.80002499
-2.25525379 -1.93695402 -0.80902952
-2.26769018 -1.91541338 -0.63800812
-2.23034525 -1.98009706 -0.83570820
-2.30338073 -1.85359573 -0.68790716
-2.33522415 -1.79844129 -0.54857844
-2.22522736 -1.98896134 -0.57695132
-2.24643159 -1.95223451 -0.61288756
-2.26154327 -1.92606020 -0.79153436
-2.21452332 -2.00750136 -0.91087407
-2.29947448 -1.86036146 -0.69465792
-2.32792091 -1.81109083 -0.55683136
-2.31520081 -1.83312285 -0.63566518
-2.30177736 -1.85637283 -0.62247497
-2.26418805 -1.92147958 -0.80302685
-2.23302317 -1.97545862 -0.76405519
-2.28068089 -1.89291310 -0.75495082
-2.22476673 -1.98975933 -0.83048284
-2.28864121 -1.87912536 -0.71531820
-2.25866175 -1.93105149 -0.74530423
-2.25434113 -1.93853498 -0.81575537
-2.21315956 -2.00986338 -0.93293220
-2.20445704 -2.02493644 -0.79881340
-2.30766702 -1.84617162 -0.62244117
-2.25131273 -1.94378006 -0.73592055
-2.24269032 -1.95871460 -0.83197355
-2.29004574 -1.87669277 -0.55377752
-2.28894114 -1.87860584 -0.57245177
-2.27951479 -1.89493287 -0.59909505
-2.25305367 -1.94076467 -0.85976678
-2.22633553 -1.98704183 -0.67698979
-2.22006631 -1.99790061 -0.73368788
-2.20692039 -2.02066970 -0.95267642
-2.29216003 -1.87303042 -0.68198663
-2.20917702 -2.01676130 -0.83485508
-2.22128630 -1.99578762 -0.63480628
-2.27512646 -1.90253353 -0.57679993
-2.21676636 -2.00361609 -0.84910417
-2.25406933 -1.93900573 -0.65777057
-2.23518062 -1.97172189 -0.81015819
-2.22198820 -1.99457181 -0.81311524
-2.30309987 -1.85408235 -0.54917485
-2.22517633 -1.98904991 -0.85248822
-2.28915143 -1.87824154 -0.59299558
-2.25995326 -1.92881453 -0.70506632
-2.21071601 -2.01409554 -0.60328233
-2.24532175 -1.95415699 -0.88659078
-2.28517723 -1.88512516 -0.56523889
-2.20764184 -2.01942015 -0.89356673
-2.24013495 -1.96314085 -0.74025339
-2.29986119 -1.85969174 -0.55401796
-2.24709487 -1.95108557 -0.73529476
-2.27571583 -1.90151274 -0.55116093
-2.26650763 -1.91746199 -0.63620442
-2.23254204 -1.97629213 -0.87623763
-2.21729827 -2.00269508 -0.86891198
-2.21157813 -2.01260257 -0.69341093
-2.26581359 -1.91866410 -0.56281328
-2.29534006 -1.86752272 -0.71701628
-2.29611850 -1.86617434 -0.55387837
-2.29884291 -1.86145532 -0.56612039
-2.32347846 -1.81878555 -0.56842273
-2.26776028 -1.91529214 -0.71719426
-2.22708058 -1.98575139 -0.56495029
-2.25382900 -1.93942213 -0.66892397
-2.30083823 -1.85799944 -0.64756030
-2.22920632 -1.98206985 -0.59909302
-2.21018052 -2.01502323 -0.60099423
-2.20800328 -2.01879454 -0.68743867
-2.25714707 -1.93367469 -0.55424798
-2.31700921 -1.82999063 -0.60753262
-2.22862124 -1.98308289 -0.79065740
-2.34925151 -1.77414513 -0.55304265
-2.30956316 -1.84288728 -0.57737476
-2.28064179 -1.89298093 -0.64900285
-2.28919601 -1.87816441 -0.66335279
-2.25490355 -1.93756080 -0.77340007
-1.92518926 -1.57387292 -0.40135205
-1.62035370 -1.35647392 -0.28430736
-1.73021305 -1.43591499 -0.32666057
-1.74744737 -1.44763494 -0.33318818
-1.94655716 -1.59288514 -0.41014892
-1.99567902 -1.62656963 -0.42879817
-1.78845251 -1.47557425 -0.34872773
-1.72946370 -1.43332005 -0.32604927
-1.99598765 -1.62170362 -0.42811802
-1.60834897 -1.34691048 -0.27954066
-1.79044402 -1.47657239 -0.34942609
-2.00836992 -1.64176917 -0.43463650
-2.01712847 -1.65032804 -0.43836257
-1.82108796 -1.50268888 -0.36186141
-1.82743311 -1.50908732 -0.36459187
-1.92366695 -1.57995558 -0.40189311
-1.61607909 -1.35401523 -0.28275865
-1.81708252 -1.49265015 -0.35919571
-1.82885790 -1.50059545 -0.36364594
-1.98726404 -1.61291814 -0.42436588
-1.72796607 -1.42999923 -0.32512051
-2.07454300 -1.67183244 -0.45735455
-1.67046297 -1.39525998 -0.30402622
-1.67938566 -1.40205371 -0.30751973
-1.71932185 -1.43093944 -0.32291713
-1.89585841 -1.56557691 -0.39207208
-1.77111900 -1.46914363 -0.34300369
-2.06349468 -1.68592048 -0.45656192
-1.81134748 -1.48536813 -0.35649246
-2.05252242 -1.65456116 -0.44865349
-1.94963181 -1.58037221 -0.40902033
-2.01791382 -1.62904799 -0.43523461
-1.70508254 -1.42309403 -0.31781247
-2.02892637 -1.67226696 -0.44501621
-1.93285120 -1.59844124 -0.40729371
-1.74080586 -1.45063651 -0.33185318
-2.05695367 -1.69190526 -0.45572263
-1.73143041 -1.44276142 -0.32806671
-1.71146989 -1.41559982 -0.31837291
-1.84296119 -1.50483286 -0.36814705
-2.07631183 -1.66621792 -0.45695406
-1.93676782 -1.56869924 -0.40368873
-1.75793242 -1.46545327 -0.33883774
-1.77268422 -1.47727025 -0.34470546
-1.69233036 -1.41600084 -0.31323040
-1.88101971 -1.56130898 -0.38736615
-1.94956815 -1.61697328 -0.41475028
-1.97863209 -1.63453484 -0.42541257
-1.93192303 -1.56342602 -0.40154302
-2.10251927 -1.67618108 -0.46564618
-2.05929923 -1.65018225 -0.44980904
-2.07459140 -1.65992451 -0.45549789
-1.96334088 -1.63027585 -0.42058495
-2.01204681 -1.66856825 -0.43984461
-1.83965480 -1.53281546 -0.37164176
-1.80744255 -1.50946641 -0.35921445
-1.84622025 -1.53745770 -0.37415633
-2.03077316 -1.68266416 -0.44715109
-2.02674031 -1.62234712 -0.43658301
-2.05040431 -1.63877380 -0.44559839
-2.03212857 -1.62708771 -0.43879288
-1.84880900 -1.50482285 -0.36973590
-2.01866722 -1.68310893 -0.44392842
-1.78446817 -1.49400353 -0.35053793
-1.87620282 -1.56787527 -0.38708717
-1.86762142 -1.56023216 -0.38355309
-2.03256059 -1.69584942 -0.44970769
-2.01171827 -1.67806029 -0.44124576
-1.94695306 -1.56718349 -0.40622079
-1.75224590 -1.43861639 -0.33307713
-2.09643316 -1.66574490 -0.46235222
-1.94723606 -1.63319242 -0.41666281
-2.01870728 -1.68678141 -0.44451597
-2.01497126 -1.68489110 -0.44320306
-2.02812171 -1.69673181 -0.44863895
-1.70073509 -1.42960942 -0.31765318
-1.78612196 -1.50108445 -0.35209960
-1.95625079 -1.63819981 -0.41990086
-1.80477846 -1.51781380 -0.35980061
-1.91358912 -1.60853016 -0.40363911
-1.90216315 -1.59977674 -0.39915702
-1.76655614 -1.48846126 -0.34479606
-2.01664162 -1.69207466 -0.44478539
-1.95904601 -1.64419734 -0.42160285
-2.02164030 -1.69649053 -0.44683829
-1.97714925 -1.66800451 -0.43026483
-1.91016555 -1.61575532 -0.40384251
-1.77240562 -1.49521673 -0.34744772
-1.84572518 -1.55558598 -0.37686831
-1.72094691 -1.45166814 -0.32661402
-1.92919433 -1.63048160 -0.41133028
-1.95157349 -1.64710498 -0.42002714
-1.62565112 -1.37266457 -0.28829044
-1.86369050 -1.57633746 -0.38501287
-1.87505019 -1.58849704 -0.39001182
-1.99259830 -1.68732691 -0.43750069
-1.94042456 -1.64718008 -0.41700667
-1.81760097 -1.53660560 -0.36623880
-2.00168633 -1.70320082 -0.44246498
-1.66044927 -1.40406549 -0.30268538
-1.74602580 -1.48055851 -0.33797136
-1.61953270 -1.36863911 -0.28599429
-1.61663163 -1.36606717 -0.28480142
-1.98673820 -1.69351804 -0.43687907
-1.66683865 -1.41172671 -0.30562615
-1.83635592 -1.56260514 -0.37542227
-1.79069877 -1.52255797 -0.35671625
-1.99767542 -1.71027076 -0.44248432
-2.02046084 -1.72659743 -0.45124504
-1.82392001 -1.55417585 -0.37071636
-1.46316206 -1.48957372 -0.26245514
-1.66310227 -1.50090218 -0.31861272
-1.49062288 -1.55882442 -0.28079790
-1.82302213 -1.60633111 -0.37866187
-1.82396317 -1.63966048 -0.38415137
-1.43114066 -1.51614797 -0.25791892
-1.55189538 -1.58308280 -0.30127162
-1.74212599 -1.58048749 -0.35260203
-1.63239670 -1.59483635 -0.32501155
-1.56959355 -1.57902491 -0.30544791
-1.56030393 -1.36214769 -0.26886624
-1.76414227 -1.60114181 -0.36183318
-1.61647224 -1.55004036 -0.31364641
-1.78903770 -1.59286547 -0.36730450
-1.68310404 -1.46704626 -0.31873649
-1.85798788 -1.62011170 -0.39033556
-1.54317868 -1.55473506 -0.29444957
-1.45162737 -1.56963778 -0.27189004
-1.62596285 -1.49895954 -0.30820668
-1.65695965 -1.61473930 -0.33481732
-1.46396112 -1.57753086 -0.27648389
-1.67056465 -1.42386234 -0.30854514
-1.95810473 -1.71903670 -0.43309852
-1.65387940 -1.42411876 -0.30404741
-1.66116297 -1.44484448 -0.30928281
-1.55297494 -1.50071192 -0.28863096
-1.85701418 -1.62127888 -0.39025402
-1.83842003 -1.65036690 -0.38976443
-1.60197365 -1.43933570 -0.29231977
-1.61405122 -1.41069591 -0.29110745
-1.49999869 -1.42676306 -0.26261094
-1.65772784 -1.52921784 -0.32159725
-1.54685605 -1.37391591 -0.26705664
-1.68695068 -1.49505842 -0.32418126
-1.78100896 -1.65083611 -0.37422374
-1.44837940 -1.56738532 -0.27065295
-1.40006244 -1.54151011 -0.25344890
-1.78124785 -1.52193654 -0.35404828
-1.96214187 -1.72103882 -0.43451092
-1.50487304 -1.42780328 -0.26409999
-1.89758849 -1.70056903 -0.41373977
-1.60825908 -1.38432062 -0.28539056
-1.41203344 -1.52878511 -0.25470659
-1.73099589 -1.48323786 -0.33430433
-1.74378431 -1.53393054 -0.34574246
-1.94510615 -1.67293608 -0.42232430
-1.50573063 -1.45343339 -0.26835781
-1.60493374 -1.60459435 -0.31907454
-1.52976251 -1.54059196 -0.28857991
-1.71154594 -1.57419419 -0.34329686
-1.79346466 -1.55490232 -0.36254737
-1.88589323 -1.68695068 -0.40842050
-1.55327415 -1.36176825 -0.26689476
-1.66328084 -1.44719326 -0.31022766
-1.49505854 -1.51625228 -0.27531937
-1.66088760 -1.57830918 -0.33016518
-1.81700468 -1.61829269 -0.37890354
-1.72166550 -1.59542906 -0.34938350
-1.97992039 -1.71106124 -0.43777952
-1.62910128 -1.54904449 -0.31692484
-1.59187424 -1.40816224 -0.28467801
-1.83764946 -1.64984834 -0.38947341
-1.59766805 -1.43687701 -0.29076269
-1.67679012 -1.50501263 -0.32298091
-1.56997466 -1.50992501 -0.29470113
-1.77139974 -1.53151107 -0.35287327
-1.66193283 -1.51299918 -0.32019418
-1.65506542 -1.58407855 -0.32948762
-1.92667806 -1.68741775 -0.41958630
-1.55770981 -1.32791412 -0.26278517
-1.73702788 -1.54628766 -0.34584525
-1.58791900 -1.53977060 -0.30426803
-1.44768965 -1.48055732 -0.25683123
-1.92166841 -1.68435025 -0.41774213
-1.61853528 -1.37868106 -0.28729987
-1.83320165 -1.64012182 -0.38673639
-1.73227048 -1.47877443 -0.33395013
-1.64519775 -1.50933194 -0.31506681
-1.55586767 -1.40164673 -0.27386203
-1.83111405 -1.61779141 -0.38266224
-1.67657077 -1.60755646 -0.33902317
-1.67183602 -1.44979882 -0.31296355
-1.54645574 -1.58117914 -0.29949322
-1.67039502 -1.45674288 -0.31366205
-1.78689730 -1.57418489 -0.36378908
-1.78663313 -1.63788855 -0.37372026
-1.83862126 -1.61756694 -0.38466874
-1.61256313 -1.59652519 -0.31988251
-1.47701955 -1.47623813 -0.26413000
-1.65847468 -1.62943113 -0.33753636
-1.89511597 -1.69921482 -0.41285464
-1.45885634 -1.52568173 -0.26695395
-1.60622430 -1.41981113 -0.29041004
-1.77219808 -1.64234042 -0.37049335
-1.54810536 -1.54954123 -0.29497397
-1.80538118 -1.64854395 -0.38049245
-1.62095881 -1.49127626 -0.30563924
-1.77302980 -1.63263690 -0.36919585
-1.67182600 -1.62661791 -0.34072584
-1.73764133 -1.56917977 -0.34960675
-1.69804275 -1.51110387 -0.32971758
-1.76769614 -1.64782965 -0.37013090
-1.64077413 -1.40942311 -0.29817554
-1.57153821 -1.38061810 -0.27482203
-1.43003726 -1.51603723 -0.25760144
-1.90397656 -1.70067501 -0.41549379
-1.47097552 -1.50748241 -0.26739231
-1.56772196 -1.52936709 -0.29714134
-1.92466593 -1.65406847 -0.41380239
-1.58301413 -1.33916831 -0.27143452
-1.63354027 -1.41056216 -0.29638696
-1.79266036 -1.57856214 -0.36604381
-1.55235803 -1.58211923 -0.30124614
-1.77946746 -1.66146016 -0.37547269
-1.84026599 -1.57551384 -0.37851268
-1.55148649 -1.36705303 -0.26723838
-1.58024633 -1.47754514 -0.29241034
-1.51267064 -1.50547409 -0.27841699
-1.75196373 -1.63360143 -0.36361790
-1.63610291 -1.51453590 -0.31341040
-1.51695573 -1.58216059 -0.29162410
-1.62929821 -1.46162558 -0.30325145
-1.44118536 -1.55737197 -0.26712403
-1.75498092 -1.54673576 -0.35079843
-1.56428170 -1.59352565 -0.30628020
-1.81329596 -1.65939057 -0.38434824
-1.47517145 -1.54864693 -0.27499735
-1.56733930 -1.40786636 -0.27795863
-1.79651201 -1.64617360 -0.37770802
-1.80507171 -1.65069699 -0.38074633
-1.53877604 -1.51468682 -0.28696364
-1.86463606 -1.62196159 -0.39243418
-1.62207520 -1.49308527 -0.30622694
-1.87659669 -1.62212789 -0.39571327
-1.52924550 -1.48462784 -0.27965155
-1.39440274 -1.55143642 -0.25346830
-1.73556077 -1.59826410 -0.35360783
-1.85773468 -1.68801391 -0.40092903
-1.72400510 -1.61061037 -0.35240367
-1.56725717 -1.58801699 -0.30622447
-1.73185849 -1.51190686 -0.33904070
-1.68891764 -1.56704760 -0.33602032
-1.83922172 -1.60276091 -0.38250715
-1.82107592 -1.67640257 -0.38913551
-1.81927323 -1.67021024 -0.38767287
-1.86913800 -1.65719426 -0.39919102
-1.57062984 -1.40108109 -0.27778813
-1.47408998 -1.56155550 -0.27673015
-1.61227107 -1.39229178 -0.28773338
-1.61281562 -1.47327960 -0.30059856
-1.77472901 -1.55036306 -0.35673898
-1.73817956 -1.54609454 -0.34612817
-1.57743227 -1.49507403 -0.29439747
-1.99379992 -1.72355592 -0.44351634
-1.62343240 -1.49274039 -0.30654189
-1.91003406 -1.69437432 -0.41615191
-1.56587613 -1.56439388 -0.30213940
-1.54241872 -1.52978206 -0.29032469
-1.65980327 -1.52199960 -0.32102829
-1.74232864 -1.65537858 -0.36441696
-1.89220703 -1.63429797 -0.40186992
-1.64142752 -1.59904218 -0.32812813
-1.86240888 -1.65721893 -0.39736474
-1.83279657 -1.66091955 -0.38989201
-1.65890181 -1.51554036 -0.31976885
-1.72435129 -1.61988628 -0.35395437
-1.58177137 -1.38168943 -0.27777338
-1.47473741 -1.50082064 -0.26736936
-1.74230278 -1.63657379 -0.36145708
-1.60995913 -1.57060146 -0.31510365
-1.54403114 -1.38274050 -0.26767403
-1.47847748 -1.52110589 -0.27157187
-1.72925949 -1.62825549 -0.35660344
-1.45379233 -1.52067876 -0.26479107
-1.92194617 -1.68638885 -0.41813779
-1.62541091 -1.60571039 -0.32481909
-1.95924664 -1.70564091 -0.43130562
-1.80472755 -1.57359338 -0.36854556
-1.55818176 -1.58507621 -0.30329436
-1.57004249 -1.48716486 -0.29114568
-1.75426257 -1.58237684 -0.35619959
-1.52194560 -1.38252366 -0.26163325
-1.53423476 -1.41176665 -0.26956749
-1.49174500 -1.55706215 -0.28082633
-1.80217481 -1.60240579 -0.37237555
-1.49237120 -1.50258684 -0.27244270
-1.80094278 -1.67402685 -0.38328677
-1.69807148 -1.51296067 -0.33001694
-1.59602654 -1.39907670 -0.28438067
-1.65457082 -1.60763991 -0.33305284
-1.83670747 -1.63372982 -0.38668624
-1.76445508 -1.63130796 -0.36665508
-1.49702597 -1.39164054 -0.25628731
-1.57807934 -1.55454707 -0.30391219
-1.63343143 -1.46652985 -0.30514568
-1.45332766 -1.50807190 -0.26268509
-1.46361279 -1.48530400 -0.26190728
-1.68427789 -1.61848593 -0.34283552
-1.56169426 -1.53446293 -0.29630214
-1.66991711 -1.46433771 -0.31472465
-1.85698068 -1.59373975 -0.38592058
-1.43476379 -1.56245828 -0.26617619
-1.49631214 -1.38662362 -0.25530541
-1.55809927 -1.31983852 -0.26162302
-1.51586497 -1.37518549 -0.25882721
-1.68024528 -1.44401395 -0.31434232
-1.59200001 -1.37620318 -0.27969384
-1.58022857 -1.46023989 -0.28968817
-1.47851980 -1.48488915 -0.26589644
-1.56660521 -1.51640809 -0.29480273
-1.94856226 -1.71186912 -0.42937773
-1.57721353 -1.47712719 -0.29151985
-1.48758399 -1.52576792 -0.27478066
-1.89078569 -1.62245667 -0.39962396
-1.78949094 -1.64277411 -0.37526467
-1.60471785 -1.39114869 -0.28549960
-1.50580466 -1.43782449 -0.26592696
-1.58612192 -1.54022491 -0.30385065
-1.44841588 -1.45751870 -0.25341111
-1.67673588 -1.56805062 -0.33286470
-1.62910783 -1.47637355 -0.30551547
-1.67677665 -1.56487644 -0.33237734
-1.49231660 -1.57774270 -0.28422913
-1.57773173 -1.57959390 -0.30775061
-1.47451174 -1.45804656 -0.26059142
-1.63925755 -1.51862586 -0.31491059
-1.59540069 -1.53803110 -0.30602977
-1.63111484 -1.61003411 -0.32704937
-1.54248202 -1.36320102 -0.26418450
-1.46926093 -1.55877542 -0.27498025
-1.46236706 -1.50843406 -0.26520044
-1.60920048 -1.38868523 -0.28633195
-1.54729688 -1.44472039 -0.27829459
-1.61001289 -1.53308499 -0.30922723
-1.69442546 -1.55014718 -0.33486453
-1.55190384 -1.39562058 -0.27183771
-1.61047566 -1.37629640 -0.28473338
-1.67777133 -1.44066131 -0.31314301
-1.71227562 -1.53597224 -0.33749351
-1.58809054 -1.34764087 -0.27414557
-1.85097241 -1.58597481 -0.38306719
-1.53999460 -1.56657112 -0.29544216
-1.68299818 -1.48136818 -0.32095659
-1.62474501 -1.46504188 -0.30254954
-1.96801198 -1.69947755 -0.43272176
-1.81607270 -1.63296616 -0.38095415
-1.55529678 -1.38884401 -0.27169642
-1.65756488 -1.57731068 -0.32910469
-1.74748468 -1.55632901 -0.35026601
-1.45819497 -1.47215080 -0.25836840
-1.72882307 -1.58943188 -0.35038847
-1.61104536 -1.57910466 -0.31673425
-1.41940880 -1.52644646 -0.25634527
-1.57503235 -1.49224710 -0.29330084
-1.91208994 -1.70613146 -0.41855720
-1.81131089 -1.66221535 -0.38425189
-1.55149972 -1.45953107 -0.28176332
-1.62265551 -1.53049624 -0.31225920
-1.72149599 -1.60017240 -0.35008222
-1.70669544 -1.46005857 -0.32405549
-1.48915648 -1.51462007 -0.27345785
-1.81416059 -1.62623346 -0.37937692
-1.54615545 -1.44971383 -0.27876827
-1.67116880 -1.49076450 -0.31921473
-1.70051038 -1.45364308 -0.32136592
-1.59124780 -1.36445737 -0.27764487
-1.49505210 -1.53751802 -0.27865687
-1.64279115 -1.52694356 -0.31717774
-1.59642482 -1.61363924 -0.31818062
-1.91964829 -1.68907320 -0.41793433
-1.88350129 -1.63873851 -0.40019947
-1.59301984 -1.45573413 -0.29245952
-1.58363068 -1.49696767 -0.29638061
-1.66289008 -1.43759680 -0.30861449
-1.70473874 -1.62194932 -0.34894422
-1.79717755 -1.65524614 -0.37931368
-1.50033104 -1.36343098 -0.25275663
-1.61903346 -1.59732020 -0.32176712
-1.45768046 -1.57564938 -0.27448028
-1.70716894 -1.56335974 -0.34040511
-1.49678397 -1.46839559 -0.26827398
-1.61655486 -1.50321639 -0.30631638
-1.52390909 -1.40548670 -0.26577306
-1.65214479 -1.53732443 -0.32135177
-1.51310289 -1.35757482 -0.25531068
-1.72410452 -1.50876033 -0.33643773
-1.69166350 -1.46326697 -0.32047099
-1.51711941 -1.48936570 -0.27709749
-1.68834198 -1.45261836 -0.31789550
-1.76506817 -1.56527841 -0.35645354
-1.58143020 -1.47856569 -0.29289258
-1.89250183 -1.65371096 -0.40499842
-1.41810703 -1.54022384 -0.25815463
-1.58848107 -1.36390114 -0.27680504
-1.59774590 -1.44001544 -0.29127666
-1.70468700 -1.46362865 -0.32406986
-1.49403679 -1.42617857 -0.26089770
-1.47018909 -1.46250975 -0.26011661
-1.55847692 -1.42144001 -0.27767971
-1.64201617 -1.54995978 -0.32058108
-1.76328266 -1.50427234 -0.34638849
-1.68279660 -1.42961216 -0.31277478
-1.99808359 -1.71853340 -0.44389272
-2.01179671 -1.73311663 -0.44991228
-1.84970403 -1.58230209 -0.38214549
-1.96387768 -1.68719423 -0.42966858
-1.76028919 -1.66658270 -0.37106106
-1.52017164 -1.59431088 -0.29440665
-1.62479961 -1.62673545 -0.32795429
-2.00186872 -1.73618138 -0.44769335
-1.92789590 -1.71681523 -0.42453367
-1.55151856 -1.60439563 -0.30451578
-1.83192599 -1.68793499 -0.39389732
-1.93422627 -1.72392094 -0.42737111
-1.90128875 -1.71387136 -0.41683489
-1.92936075 -1.72306383 -0.42591318
-1.65406251 -1.63739407 -0.33758673
-1.69605720 -1.65043223 -0.35105553
-1.44859648 -1.57451010 -0.27183077
-1.73919404 -1.66266668 -0.36470881
-1.92605853 -1.72455931 -0.42524993
-1.93026268 -1.72751009 -0.42685670
-1.85601890 -1.70435607 -0.40302849
-1.84713459 -1.69868779 -0.39972213
-1.54966116 -1.60637379 -0.30432123
-1.43821907 -1.57201827 -0.26861712
-1.96875584 -1.73684454 -0.43879160
-1.83102810 -1.69859552 -0.39532709
-1.84702647 -1.70390391 -0.40051180
-1.98109102 -1.74970353 -0.44416568
-1.93089664 -1.73211074 -0.42775154
-1.98354328 -1.74785101 -0.44454175
-1.80959928 -1.69262052 -0.38856074
-1.88838708 -1.72444689 -0.41498661
-1.86523974 -1.71632433 -0.40741566
-1.95817995 -1.74736285 -0.43756688
-1.71968973 -1.66604090 -0.35993394
-1.74359035 -1.67387915 -0.36766511
-1.61655891 -1.63360417 -0.32679158
-1.88110244 -1.72714460 -0.41342896
-1.95767164 -1.75292897 -0.43830267
-2.00094867 -1.76952028 -0.45267820
-1.66624951 -1.65255165 -0.34328139
-1.71310163 -1.66775227 -0.35841089
-1.40293157 -1.56147754 -0.25736463
-1.85819352 -1.72494507 -0.40685290
-1.98602843 -1.77049792 -0.44877377
-1.98460150 -1.76520956 -0.44755527
-1.90646231 -1.74063754 -0.42244494
-1.63097417 -1.64132977 -0.33192527
-1.98692906 -1.76945472 -0.44885489
-1.56758988 -1.62214792 -0.31167433
-1.99079263 -1.77565539 -0.45087937
-1.90440869 -1.74660182 -0.42282295
-1.81946027 -1.71150279 -0.39420766
-1.64574373 -1.64976406 -0.33726665
-1.74594259 -1.68742442 -0.37043181
-1.61444461 -1.63963342 -0.32716328
-1.92974734 -1.75929034 -0.43170682
-1.92390728 -1.75678205 -0.42972460
-1.65696847 -1.65792692 -0.34160125
-1.88879883 -1.74560106 -0.41842031
-1.64146101 -1.65074003 -0.33625510
-1.56829286 -1.62324011 -0.31203702
-1.91331112 -1.75348651 -0.42632523
-1.84109914 -1.72970819 -0.40295163
-1.84531546 -1.73288727 -0.40459755
-1.96434760 -1.78117526 -0.44455370
-1.81655979 -1.71998572 -0.39475083
-1.52876329 -1.61108875 -0.29937789
-1.81178892 -1.72054505 -0.39354113
-1.57342172 -1.62993026 -0.31448245
-1.88538551 -1.75171912 -0.41845265
-1.68260288 -1.67149985 -0.35070446
-1.83216715 -1.73085713 -0.40070274
-1.82547963 -1.72985744 -0.39872694
-1.71598911 -1.68519413 -0.36193502
-1.96368170 -1.78878415 -0.44556737
-1.82601833 -1.73470581 -0.39963478
-1.73196495 -1.69483197 -0.36779344
-1.92346215 -1.77111745 -0.43185455
-1.84992158 -1.74375403 -0.40755665
-1.69020426 -1.68122888 -0.35429952
-1.83686066 -1.74098456 -0.40356952
-1.93763471 -1.78129506 -0.43730730
-1.92674994 -1.77627110 -0.43355805
-1.95057666 -1.78976870 -0.44215772
-1.94656575 -1.79235017 -0.44147220
-1.88686466 -1.76514161 -0.42096260
-1.88308096 -1.76672268 -0.42018178
-1.97106898 -1.80027366 -0.44938067
-1.86199856 -1.75463653 -0.41255009
-1.83683431 -1.74587882 -0.40433088
-1.56981218 -1.63408554 -0.31415325
-1.94363880 -1.79495394 -0.44108504
-1.47369230 -1.59348714 -0.28163606
-1.95057058 -1.79906332 -0.44361559
-1.93263996 -1.78946173 -0.43723118
-1.93745184 -1.79500937 -0.43941104
-1.75263393 -1.71501887 -0.37658471
-1.92973530 -1.79383361 -0.43712771
-1.77614248 -1.72583330 -0.38467658
-1.90934432 -1.78623581 -0.43038884
-1.58359385 -1.64275730 -0.31926319
-1.51803100 -1.61390591 -0.29690135
-1.84941483 -1.76185656 -0.41026139
-1.82469678 -1.74901867 -0.40152282
-1.83590877 -1.75468493 -0.40546191
-1.95060647 -1.81008339 -0.44535577
-1.49797750 -1.60635722 -0.29026195
-1.75667024 -1.72177827 -0.37874389
-1.47910357 -1.59741378 -0.28372440
-1.48203146 -1.59941030 -0.28483418
-1.61027896 -1.65753233 -0.32884091
-1.78548074 -1.73729467 -0.38901606
-1.92387259 -1.80034912 -0.43655631
-1.97705793 -1.82957935 -0.45561123
-1.97090805 -1.82499373 -0.45321858
-1.72685134 -1.71256077 -0.36918649
-1.79723990 -1.74699962 -0.39373818
-1.85233760 -1.77331638 -0.41285577
-2.01921177 -1.85171890 -0.47055250
-2.21239257 -1.72567737 -0.50330114
-2.22535515 -1.72728372 -0.50707889
-2.29660344 -1.74920845 -0.52989942
-2.32890940 -1.76004434 -0.54038733
-2.31979012 -1.77539110 -0.54031694
-2.27061725 -1.78280914 -0.52810794
-2.29251909 -1.77490318 -0.53282326
-2.26482463 -1.77077162 -0.52464235
-2.25711131 -1.76801264 -0.52211124
-2.26078749 -1.76367271 -0.52242959
-2.25767040 -1.75981891 -0.52097666
-2.25239062 -1.75539768 -0.51884645
-2.24424171 -1.74776471 -0.51543164
-2.23736668 -1.74622977 -0.51332080
-2.31827617 -1.75954700 -0.53741729
-2.26773834 -1.74725032 -0.52174133
-2.23847055 -1.73846853 -0.51240230
-2.22913671 -1.73394120 -0.50915283
-2.33435130 -1.76201999 -0.54217768
-2.27230072 -1.74373960 -0.52243090
-2.15910935 -1.69466603 -0.48393992
-2.26130104 -1.79351771 -0.52725565
-2.27082348 -1.79580319 -0.53020442
-2.30605364 -1.78651977 -0.53832847
-2.34573150 -1.77094948 -0.54667491
-2.28444338 -1.80747676 -0.53574175
-2.28481603 -1.81098342 -0.53639370
-2.29688454 -1.80556393 -0.53882504
-2.27177930 -1.82478034 -0.53501457
-2.32722592 -1.78684700 -0.54413819
-2.28869152 -1.82017756 -0.53889143
-2.27138615 -1.83655608 -0.53675669
-2.27287340 -1.83896685 -0.53753972
-2.32269907 -1.79475176 -0.54414821
-2.14367986 -1.95264268 -0.52025229
-2.18288469 -2.00093627 -0.53849828
-2.16107082 -1.97122097 -0.52789944
-2.17541218 -1.98912346 -0.53461105
-2.13343430 -1.93095946 -0.51406091
-2.18529654 -2.00169659 -0.53927362
-2.14632797 -1.94249463 -0.51937896
-2.14571452 -1.93189728 -0.51754808
-2.17261219 -1.97536969 -0.53168982
-2.17316031 -1.97060668 -0.53109097
-2.08719969 -1.91384351 -0.49879864
-2.17504597 -1.96371269 -0.53052133
-2.07642794 -1.90227079 -0.49405178
-2.17677116 -1.96323991 -0.53091627
-2.10773301 -1.93244183 -0.50730360
-2.17654991 -1.95517683 -0.52959001
-2.18497753 -1.97068536 -0.53431731
-2.17958879 -1.92346632 -0.52543712
-2.18744493 -1.94940031 -0.53164607
-2.19174457 -1.95602834 -0.53385627
-2.19494390 -1.91690278 -0.52858275
-2.19980502 -1.94087708 -0.53366941
-2.20328856 -2.00990748 -0.54545635
-2.20694780 -1.96073341 -0.53873003
-2.21341729 -1.91581070 -0.53343552
-2.21730685 -1.89779544 -0.53166455
-2.21436954 -1.95318460 -0.53956318
-2.22469831 -1.91060436 -0.53568614
-2.21414113 -1.97362983 -0.54271150
-2.23383832 -1.89095497 -0.53508657
-2.22911072 -1.91489410 -0.53755987
-2.07723880 -1.89328694 -0.49286160
-2.15861773 -1.97558773 -0.52791792
-2.12731266 -1.94825530 -0.51511186
-2.15669203 -1.98074317 -0.52820373
-2.09743524 -1.90813541 -0.50068605
-2.10379648 -1.91216338 -0.50304866
-2.30074215 -1.83201814 -0.54402822
-2.24218678 -1.94949424 -0.54654932
-2.31370258 -1.81164312 -0.54435372
-2.23817062 -1.89608788 -0.53707087
-2.25448227 -1.90989423 -0.54367518
-2.30384731 -1.84661877 -0.54716539
-2.31917477 -1.82497966 -0.54793626
-2.30991817 -1.82807326 -0.54590440
-2.27315211 -1.86825871 -0.54221511
-2.22615671 -1.97930002 -0.54686975
-2.22368765 -1.98353148 -0.54686272
-2.26650548 -1.84821451 -0.53726000
-2.28406191 -1.88645232 -0.54803914
-2.25819802 -1.89908898 -0.54298913
-2.23263192 -1.96114659 -0.54578036
-2.27232385 -1.84508932 -0.53835166
-2.24516106 -1.94259334 -0.54627466
-2.28397131 -1.87156236 -0.54567641
-2.29553032 -1.84155917 -0.54410893
-2.27565336 -1.87608957 -0.54412502
-2.28722715 -1.85696149 -0.54426920
-2.25706244 -1.93357027 -0.54809469
-1.86951613 -1.48904133 -0.37288967
-1.94801342 -1.55352259 -0.40436414
-2.13051963 -1.67675567 -0.47335196
-2.22606230 -1.70826292 -0.50428450
-2.21354055 -1.69150865 -0.49824810
-2.23996902 -1.71495652 -0.50911790
-1.98879170 -1.57123005 -0.41823533
-2.21111321 -1.69221044 -0.49769813
-2.23817277 -1.70212758 -0.50661492
-2.15326643 -1.68103409 -0.48021030
-2.32020450 -1.75173748 -0.53671545
-1.90717173 -1.53311515 -0.39005175
-2.14740729 -1.65572143 -0.47464201
-2.08784103 -1.62326443 -0.45334497
-2.00379300 -1.59081733 -0.42539102
-2.06436777 -1.62069774 -0.44655773
-1.95314360 -1.54544246 -0.40449065
-1.87371731 -1.50376129 -0.37634370
-2.23626924 -1.70867777 -0.50712574
-2.23558998 -1.70297456 -0.50604546
-2.05381632 -1.60563755 -0.44132325
-2.15395355 -1.67867279 -0.48002636
-1.85926640 -1.48264933 -0.36909831
-2.19488549 -1.69272363 -0.49336517
-1.81019843 -1.46710610 -0.35331237
-2.06079936 -1.60268581 -0.44275895
-2.17511821 -1.69749177 -0.48873770
-2.04795933 -1.60979187 -0.44038263
-2.10838699 -1.65825462 -0.46442723
-1.95458519 -1.55712378 -0.40671697
-2.01494932 -1.58496559 -0.42750633
-1.85340834 -1.48221552 -0.36743695
-2.17115498 -1.67036462 -0.48340017
-2.16833711 -1.67421126 -0.48323780
-2.12193298 -1.66372740 -0.46897078
-2.25837636 -1.71265388 -0.51376265
-1.82529128 -1.47455156 -0.35858637
-2.25444722 -1.72129643 -0.51405114
-2.19134927 -1.67448640 -0.48953971
-1.68836367 -1.38828862 -0.30780005
-2.25184226 -1.71848083 -0.51290053
-2.16973495 -1.69168675 -0.48636204
-1.81918406 -1.47106886 -0.35637850
-2.12339783 -1.66937315 -0.47025576
-2.26360822 -1.72491038 -0.51711011
-2.13416100 -1.65038526 -0.47020143
-1.88446522 -1.51477301 -0.38099596
-2.23421216 -1.71054161 -0.50685894
-1.77173090 -1.44226813 -0.33894998
-1.94415987 -1.53156853 -0.39986870
-1.78106105 -1.44281256 -0.34157303
-2.12410474 -1.67384720 -0.47115055
-1.92025042 -1.54346371 -0.39523375
-1.85002267 -1.49831223 -0.36904368
-1.98599982 -1.58648539 -0.41987142
-1.93517542 -1.55427706 -0.40099096
-1.73003089 -1.42180777 -0.32439581
-2.07598925 -1.64807415 -0.45401728
-1.71710670 -1.41345799 -0.31956962
-2.02868342 -1.61903179 -0.43659094
-1.70450437 -1.40623784 -0.31500837
-2.09856272 -1.66632986 -0.46302328
-1.68157232 -1.70314038 -0.35539249
-1.67597997 -1.70755148 -0.35456419
-2.03980160 -1.90041339 -0.48379865
-1.91040182 -1.82337236 -0.43650782
-2.10770297 -1.96679556 -0.51268977
-1.66302955 -1.70462382 -0.35058227
-2.04993534 -1.89497030 -0.48570004
-1.70957565 -1.74039161 -0.36885810
-2.07433510 -1.93160355 -0.49808854
-1.64179301 -1.70019782 -0.34411150
-2.07851768 -1.92788744 -0.49864259
-1.97005165 -1.87848759 -0.46138552
-1.99126959 -1.89020109 -0.46899563
-2.04524970 -1.87679064 -0.48157102
-1.90272617 -1.81051922 -0.43240196
-1.71622813 -1.71931255 -0.36735746
-1.90384698 -1.83007300 -0.43577722
-1.51339221 -1.61659765 -0.29606238
-1.69618368 -1.72977149 -0.36354822
-1.68866229 -1.70518506 -0.35764188
-1.71447062 -1.72254634 -0.36738724
-1.89143610 -1.79950535 -0.42760190
-1.70335126 -1.71893883 -0.36379659
-2.00165915 -1.90849757 -0.47469434
-2.02101684 -1.87122834 -0.47410688
-2.06059718 -1.93440759 -0.49479249
-1.86522496 -1.79390502 -0.41959372
-2.08299398 -1.92291558 -0.49907929
-1.89668572 -1.80654705 -0.43013537
-1.97695625 -1.84792757 -0.45846471
-1.98127604 -1.85386086 -0.46057126
-2.12111616 -1.95829284 -0.51500267
-1.78598237 -1.75816905 -0.39243031
-1.54336476 -1.63703525 -0.30742338
-1.64425838 -1.69224858 -0.34353375
-2.04857492 -1.91677082 -0.48875332
-1.60529125 -1.66326475 -0.32838449
-1.69442558 -1.71068072 -0.36007228
-1.61812282 -1.68393016 -0.33511937
-2.03775334 -1.90177298 -0.48345506
-1.85432458 -1.77963042 -0.41438761
-1.86012518 -1.79522729 -0.41841435
-1.54035258 -1.63440609 -0.30619130
-1.76844752 -1.73951483 -0.38473207
-1.57373691 -1.65800655 -0.31897685
-1.70217073 -1.73034382 -0.36526638
-1.76285100 -1.75306475 -0.38533762
-2.09029746 -1.96029651 -0.50693542
-1.42463779 -1.57629144 -0.26559433
-1.63355362 -1.68766117 -0.33990201
-2.12330627 -1.96046543 -0.51593947
-2.00324726 -1.86446619 -0.46821219
-1.93753207 -1.82314205 -0.44385037
-2.07249427 -1.92606068 -0.49671748
-1.70983469 -1.73898351 -0.36870742
-2.07729912 -1.94899166 -0.50162506
-1.56652355 -1.64932585 -0.31565189
-1.99465966 -1.85527229 -0.46443287
-1.98355973 -1.85561085 -0.46146715
-1.81334305 -1.79622185 -0.40584695
-1.87666500 -1.82437682 -0.42748997
-2.03339767 -1.89304876 -0.48090050
-1.87897611 -1.80761433 -0.42548642
-2.04383516 -1.87592316 -0.48105007
-1.85261261 -1.79511380 -0.41635329
-2.04306865 -1.88409710 -0.48212516
-2.06354332 -1.93863511 -0.49625760
-1.73361325 -1.72929120 -0.37365267
-1.96761405 -1.85735536 -0.45740426
-1.98243964 -1.88754773 -0.46617743
-1.86825824 -1.82902002 -0.42593265
-1.61623764 -1.68550110 -0.33485332
-2.00012779 -1.85873830 -0.46646434
-2.13190317 -1.97720790 -0.52090663
-1.74793768 -1.73054886 -0.37774602
-1.55418420 -1.63884544 -0.31065023
-1.57414782 -1.65708542 -0.31894398
-1.89027703 -1.81481266 -0.42969030
-1.99654055 -1.88838220 -0.47014356
-2.10596395 -1.96692967 -0.51223791
-1.93055487 -1.81648040 -0.44090670
-1.50105667 -1.61073554 -0.29178691
-1.55679440 -1.64371550 -0.31212485
-1.90539587 -1.80364788 -0.43204907
-1.88218236 -1.79197168 -0.42390212
-1.79105949 -1.74793410 -0.39220402
-1.65715277 -1.68402088 -0.34574878
-1.85508358 -1.77618134 -0.41405246
-1.97078669 -1.83012712 -0.45399165
-1.66919112 -1.68858635 -0.34973979
-1.52064168 -1.32489514 -0.25185996
-1.46831715 -1.41552401 -0.25057000
-1.49226964 -1.37403691 -0.24771658
-1.50717914 -1.34821308 -0.24762522
-1.50845587 -1.34600163 -0.25193045
-1.43756592 -1.46878660 -0.24424039
-1.46809840 -1.41590273 -0.24661973
-1.41097343 -1.51484621 -0.24342637
-1.47252488 -1.40823591 -0.24616019
-1.49381709 -1.37135673 -0.24338140
-1.45829511 -1.40819407 -0.24200000
-1.48794544 -1.35556686 -0.24200000
-1.43189061 -1.44245446 -0.24200000
-1.51216149 -1.30646825 -0.24200000
-1.47897398 -1.35879540 -0.24200000
-1.49732947 -1.34309471 -0.24200000
-1.44811261 -1.41128719 -0.24200000
-1.43892324 -1.42427957 -0.24200000
-1.46020448 -1.39692664 -0.24200000
-1.50700068 -1.33314741 -0.24200000
-1.51864767 -1.28773963 -0.24200000
-1.53380263 -1.29643869 -0.24200000
-1.49015236 -1.37718427 -0.24200000
-1.41680813 -1.49739027 -0.24200000
-1.41480291 -1.50796711 -0.24200000
-1.46510744 -1.40288711 -0.24200000
-1.46875393 -1.39926600 -0.24200000
-1.46967793 -1.40910077 -0.24200000
-1.40014958 -1.50000775 -0.24200000
-1.47417104 -1.39406002 -0.24200000
-1.40496838 -1.49714923 -0.24200000
-1.38650739 -1.54855287 -0.24200000
-1.44398403 -1.44452369 -0.24200000
-1.38660824 -1.52316391 -0.24200000
-1.38427246 -1.55438757 -0.24243774
-2.08245420 -1.95748305 -1.00550365
-2.07127666 -1.95102978 -0.78270173
-2.07277012 -1.95189202 -0.79030216
-2.11449862 -1.97598398 -0.91425002
-2.00122094 -1.91058302 -0.81558573
-1.62447989 -1.69307148 -0.90733433
-1.86378789 -1.83123600 -0.97221231
-1.98287809 -1.89999282 -0.84359914
-2.18694568 -2.01781130 -0.64606154
-2.19169617 -2.02055407 -0.85630518
-1.90675545 -1.85604334 -0.95866817
-1.59327757 -1.67505670 -0.89957231
-2.06524706 -1.94754851 -0.90466100
-1.93499136 -1.87234545 -0.85523444
-1.94678831 -1.87915635 -0.74917579
-2.20311666 -2.02714777 -0.75132036
-2.10678291 -1.97152925 -0.95641929
-1.66524291 -1.71660602 -0.94723845
-1.78991485 -1.78858542 -0.91845375
-1.82534385 -1.80904031 -0.98731905
-1.70053124 -1.73697972 -0.89664781
-2.15407157 -1.99883139 -0.84683162
-2.16539764 -2.00537062 -0.99150747
-2.00325656 -1.91175842 -0.90477663
-1.84075451 -1.81793773 -0.86851519
-1.59328341 -1.67506015 -0.89852482
-1.90684772 -1.85609663 -0.91321534
-2.02328563 -1.92332208 -0.68281525
-1.71641803 -1.74615204 -0.86845493
-1.77833986 -1.78190255 -0.97849029
-1.91600370 -1.86138284 -0.99603295
-2.13918614 -1.99023736 -0.87406772
-1.69843245 -1.73576796 -0.97094476
-2.03132319 -1.92796254 -0.98667723
-1.93178999 -1.87049711 -0.84790736
-1.94806051 -1.87989080 -0.71043521
-1.82780874 -1.81046343 -1.00209022
-1.48272622 -1.61122990 -0.96104759
-1.88447273 -1.84317839 -0.83242673
-2.17724872 -2.01221275 -0.56551117
-2.04560018 -1.93620539 -0.86232740
-2.19278455 -2.02118230 -0.70854557
-1.90108097 -1.85276723 -0.73388243
-1.64363551 -1.70413101 -1.00855124
-2.12722778 -1.98333311 -0.96713829
-1.90575099 -1.85546339 -0.76109052
-1.97734058 -1.89679575 -0.82562304
-1.47418201 -1.60629690 -1.01346505
-1.54782975 -1.64881742 -0.93414032
-1.91516161 -1.86089671 -0.84637505
-1.59050035 -1.67345333 -0.89874411
-1.81402588 -1.80250597 -0.97107667
-2.01590061 -1.91905832 -0.72663450
-1.75792634 -1.77011681 -0.86194354
-2.10316110 -1.96943820 -0.81656355
-1.71039212 -1.74267292 -0.95867711
-2.09715843 -1.96597266 -0.90686792
-2.08578134 -1.95940411 -0.80895442
-1.94628561 -1.87886608 -0.85107505
-1.92839205 -1.86853528 -0.73624146
-1.75717950 -1.76968563 -1.00745785
-1.67868209 -1.72436512 -0.92220819
-2.09857535 -1.96679068 -0.64706779
-2.17547607 -2.01118922 -1.00363719
-1.81491482 -1.80301917 -0.94701195
-1.63104236 -1.69686031 -0.88850683
-1.55153465 -1.65095639 -0.96303028
-1.76713157 -1.77543151 -0.99876422
-1.96541941 -1.88991308 -0.98071933
-1.88479424 -1.84336400 -0.85221356
-1.92024982 -1.86383438 -0.86417174
-1.66222930 -1.71486616 -0.88612121
-2.12944031 -1.98461056 -0.77929258
-2.15244770 -1.99789381 -0.93847704
-2.18452287 -2.01641250 -0.87682778
-1.64423716 -1.70447838 -0.99306172
-1.85227978 -1.82459188 -1.00454330
-2.07567143 -1.95356703 -0.68504894
-2.17002058 -2.00803947 -0.96202785
-2.10073471 -1.96803749 -0.95772314
-2.08493471 -1.95891523 -1.01038861
-2.18222642 -2.01508665 -0.58722812
-2.03025031 -1.92734325 -0.96127224
-1.60645342 -1.68266392 -0.98275423
-2.05000305 -1.93874741 -0.81310171
-1.94212103 -1.87646174 -0.89551055
-1.94001973 -1.87524855 -0.89285421
-2.02395773 -1.92371011 -0.77255207
-1.67208004 -1.72055340 -0.96514159
-2.05748963 -1.94306982 -0.75820804
-2.18415618 -2.01620078 -0.90149575
-2.08153272 -1.95695102 -0.93701327
-1.81147444 -1.80103278 -0.83086509
-1.93112314 -1.87011206 -0.83564341
-1.85099089 -1.82384765 -0.82583326
-1.89087558 -1.84687519 -0.80494434
-1.59292936 -1.67485571 -0.93743581
-2.18789244 -2.01835799 -0.89858562
-1.60809088 -1.68360925 -0.96355748
-2.19796968 -2.02417612 -0.85359752
-1.75060475 -1.76588964 -0.84678596
-1.96117795 -1.88746428 -0.92991972
-2.12244821 -1.98057365 -1.00430942
-1.91282988 -1.85955048 -1.02090549
-1.81839728 -1.80502975 -0.82628882
-2.08779478 -1.96056640 -0.98688799
-2.00260067 -1.91137958 -0.72653210
-1.55017710 -1.65017271 -0.99589974
-1.66243637 -1.71498561 -0.88410324
-1.57108235 -1.66224229 -0.96872550
-2.12577319 -1.98249328 -0.84021157
-2.12735057 -1.98340416 -0.89277482
-2.15270209 -1.99804080 -0.93523335
-2.17884064 -2.01313186 -0.77004462
-1.97050285 -1.89284790 -1.01599324
-2.12904358 -1.98438144 -0.94841492
-1.77768600 -1.78152502 -0.88909018
-2.15503764 -1.99938917 -0.84921533
-1.65678644 -1.71172369 -0.90404695
-2.08471155 -1.95878649 -0.62681890
-2.13736629 -1.98918664 -0.90166783
-1.92340112 -1.86565375 -0.73485368
-2.11456537 -1.97602248 -0.69959325
-2.16787505 -2.00680089 -0.83037609
-1.97949362 -1.89803874 -0.80594873
-2.09516883 -1.96482396 -0.72907382
-1.59370732 -1.67530489 -0.90095001
-1.56414783 -1.65823877 -0.93851465
-2.01418185 -1.91806602 -0.78303754
-1.62032044 -1.69067001 -0.93768263
-1.95405316 -1.88335073 -0.80842543
-2.18177080 -2.01482368 -0.98002720
-2.13285208 -1.98658025 -0.82366174
-1.58620679 -1.67097449 -0.99411553
-1.53917611 -1.64382124 -0.99200439
-1.82985258 -1.81164348 -0.97815603
-2.07423568 -1.95273805 -0.94484097
-2.14833641 -1.99552023 -0.89252049
-2.02850080 -1.92633307 -0.71071655
-1.96710646 -1.89088702 -0.84838742
-2.02224302 -1.92272019 -0.89642805
-1.93807805 -1.87412751 -0.72965854
-2.15778112 -2.00097322 -0.82027560
-2.00985861 -1.91557002 -0.76218444
-1.74933398 -1.76515603 -0.85180610
-1.78847361 -1.78775322 -0.92978257
-1.66264868 -1.71510816 -1.01200891
-1.86824632 -1.83381009 -0.99979144
-1.81843686 -1.80505252 -0.90849686
-1.73443770 -1.75655568 -0.95698869
-1.89671075 -1.85024405 -0.85862142
-1.96008790 -1.88683486 -0.72817826
-1.64827919 -1.70681190 -0.98162961
-1.95629072 -1.88464260 -0.90857488
-2.13562179 -1.98817945 -0.82293862
-2.18662739 -2.01762772 -0.80157626
-1.76990342 -1.77703178 -1.00628173
-2.09849143 -1.96674216 -0.83714235
-1.62497830 -1.69335926 -1.01071072
-1.56190932 -1.65694630 -1.00333333
-2.13445568 -1.98750615 -0.71247876
-2.15503693 -1.99938881 -0.91710818
-1.92212653 -1.86491787 -0.80006140
-1.91295159 -1.85962069 -0.91696453
-1.98330915 -1.90024173 -0.83705354
-1.91127002 -1.85864985 -0.82850039
-2.15301418 -1.99822092 -0.98070472
-1.61764479 -1.68912518 -1.00880563
-1.74615312 -1.76331949 -0.83883858
-2.00868201 -1.91489065 -0.86826921
-1.79107833 -1.78925705 -0.84493399
-1.72043025 -1.74846840 -1.00565124
-1.83887434 -1.81685221 -0.88239813
-1.54170787 -1.64528298 -0.95946431
-2.15251827 -1.99793458 -0.62405121
-1.91793478 -1.86249781 -0.84188801
-1.91260731 -1.85942197 -0.84128374
-1.97128177 -1.89329767 -0.99224842
-2.12392783 -1.98142803 -0.73715037
-2.10875249 -1.97266650 -0.72894073
-1.54065013 -1.64467227 -0.94566125
-2.11423993 -1.97583461 -0.93733257
-1.72274423 -1.74980438 -0.98269582
-2.00343347 -1.91186047 -0.89448702
-2.10431170 -1.97010255 -0.69482476
-1.90362298 -1.85423481 -0.73975211
-1.69812584 -1.73559093 -0.96618646
-2.06330013 -1.94642448 -0.99089098
-2.11876702 -1.97844839 -0.77718252
-1.67740226 -1.72362626 -0.94995809
-2.01357293 -1.91771460 -0.98928940
-1.69487119 -1.73371184 -0.99672437
-1.74368823 -1.76189637 -0.84503859
-2.13693428 -1.98893726 -0.91522723
-1.53370750 -1.64066398 -1.00451863
-2.19121981 -2.02027893 -0.96905810
-2.19366908 -2.02169299 -0.89676338
-1.80588579 -1.79780614 -0.78455883
-1.92406785 -1.86603868 -0.95260793
-1.67182899 -1.72040844 -0.90791821
-1.63067102 -1.69664598 -0.91402751
-2.17965102 -2.01359963 -0.89545077
-1.77449548 -1.77968299 -0.98591566
-2.00442910 -1.91243541 -1.00318217
-1.92134941 -1.86446917 -0.73738754
-1.64535964 -1.70512629 -0.90741175
-2.10744691 -1.97191274 -0.92107886
-1.73305702 -1.75575852 -0.88980114
-2.03896022 -1.93237185 -0.77542090
-2.16209340 -2.00346279 -0.58196241
-2.10592842 -1.97103596 -0.82677698
-2.08998752 -1.96183240 -0.96886241
-1.90401101 -1.85445881 -0.95470810
-1.91184294 -1.85898066 -0.85642856
-1.84205437 -1.81868815 -0.96319896
-1.87178159 -1.83585119 -0.89460635
-2.19512248 -2.02253222 -0.95722353
-2.16854739 -2.00718904 -0.72870004
-1.97581828 -1.89591682 -1.00455451
-1.75855279 -1.77047849 -0.86417633
-1.96074331 -1.88721335 -1.01061535
-2.05918169 -1.94404674 -0.77483034
-2.05385470 -1.94097114 -0.74647933
-1.67625535 -1.72296405 -0.92136431
-1.75453722 -1.76816010 -0.99822944
-2.12959743 -1.98470128 -0.69330102
-2.01158476 -1.91656649 -0.69996572
-1.54126143 -1.64502525 -0.94756895
-1.47489059 -1.60670602 -0.96330339
-1.67214453 -1.72059059 -0.94887918
-1.96446133 -1.88935983 -0.95128375
-1.77105772 -1.77769816 -0.81144601
-1.86499679 -1.83193398 -0.96270376
-1.86491144 -1.83188474 -0.99281955
-2.00574303 -1.91319382 -0.91359693
-2.08970571 -1.96166980 -0.75398338
-1.81810570 -1.80486143 -0.98107284
-2.08384323 -1.95828497 -0.81081212
-2.08734322 -1.96030581 -0.63655049
-1.63229203 -1.69758177 -0.96097553
-1.94604957 -1.87872982 -0.91177338
-1.88939488 -1.84602022 -0.84066552
-1.88083696 -1.84107935 -0.76865608
-1.82848096 -1.81085157 -1.00819790
-1.78077817 -1.78331029 -0.88687801
-1.87903345 -1.84003806 -0.84388167
-2.14357424 -1.99277079 -0.88852763
-2.13665581 -1.98877645 -0.67641610
-2.11197329 -1.97452605 -0.99285859
-1.65232432 -1.70914745 -0.97489810
-1.64431822 -1.70452511 -1.02070534
-1.70855939 -1.74161482 -0.86200964
-2.18276215 -2.01539588 -0.99164444
-1.99145377 -1.90494394 -0.99605298
-2.04000258 -1.93297362 -0.89008939
-2.02183914 -1.92248702 -0.66710198
-1.60648429 -1.68268168 -0.91788799
-1.56908131 -1.66108704 -0.98799568
-2.03284955 -1.92884374 -0.70617247
-1.83700645 -1.81577373 -0.83670372
-1.74582601 -1.76313066 -0.90606189
-1.50558782 -1.62442911 -0.99135965
-2.13355184 -1.98698437 -0.99291873
-2.08122849 -1.95677555 -0.76095819
-1.71951509 -1.74794006 -0.95031416
-1.63210571 -1.69747424 -0.96277714
-1.90171826 -1.85313511 -0.98390144
-1.98718965 -1.90248215 -0.80802274
-2.09379578 -1.96403122 -0.63707095
-1.79293406 -1.79032850 -0.79463619
-1.57200789 -1.66277671 -0.93902826
-1.89830112 -1.85116231 -0.91385484
-1.74190426 -1.76086652 -0.85258937
-2.05833817 -1.94355965 -0.86037850
-1.43653977 -1.58456409 -1.01595378
-1.63091218 -1.69678509 -0.97570390
-1.98648047 -1.90207267 -0.90005457
-1.92979503 -1.86934531 -0.81108975
-1.95021546 -1.88113499 -0.93278998
-2.08259368 -1.95756364 -0.65372008
-2.01409531 -1.91801608 -0.89955032
-1.92166531 -1.86465156 -0.90507376
-1.87670302 -1.83869255 -0.85169595
-1.95349479 -1.88302839 -0.73098934
-1.51106298 -1.62759006 -0.94667339
-1.99518597 -1.90709877 -0.72468525
-1.85714245 -1.82739925 -1.00270414
-1.83138657 -1.81252909 -0.88285738
-1.96734524 -1.89102495 -0.88237554
-1.94603407 -1.87872088 -1.01989710
-1.86889601 -1.83418524 -0.80057627
-1.77476513 -1.77983868 -0.99480015
-2.03628874 -1.93082952 -1.00426507
-2.00312018 -1.91167963 -0.81394899
-2.11923170 -1.97871661 -0.71894401
-1.76618886 -1.77488720 -0.95797676
-1.52934694 -1.63814640 -0.99388939
-1.81795442 -1.80477405 -0.80121839
-1.95179856 -1.88204908 -0.70253915
-2.02459288 -1.92407680 -0.84989905
-1.72995126 -1.75396538 -1.00178611
-2.15823102 -2.00123286 -0.61001241
-1.60919499 -1.68424666 -0.91768539
-2.03913260 -1.93247139 -0.64730805
-1.66601634 -1.71705258 -0.99086332
-2.17847776 -2.01292229 -0.88369721
-2.17735076 -2.01227164 -0.96170503
-1.94342041 -1.87721181 -0.88332409
-1.93697107 -1.87348843 -0.81511337
-1.49765158 -1.61984706 -1.00303292
-2.18047762 -2.01407695 -0.87135738
-1.90763152 -1.85654914 -0.79119396
-1.95048130 -1.88128853 -1.00977099
-1.53878331 -1.64359450 -0.99443531
-2.15703630 -2.00054312 -0.62959296
-1.77045345 -1.77734935 -1.00406694
-1.67787957 -1.72390175 -0.85250127
-2.14371967 -1.99285471 -0.83217692
-1.69140029 -1.73170793 -0.95250160
-1.67729783 -1.72356594 -0.98780030
-1.64664626 -1.70586920 -0.95131910
-1.91467333 -1.86061478 -0.87299562
-2.20230627 -2.02667975 -0.94763869
-2.06755519 -1.94888115 -0.63817447
-1.85520709 -1.82628191 -1.00432396
-2.17736888 -2.01228213 -0.57140952
-2.19287753 -2.02123618 -0.58680803
-2.00994968 -1.91562259 -0.70837969
-2.18215203 -2.01504374 -0.68367225
-1.91402626 -1.86024117 -0.95196134
-2.20056129 -2.02567220 -0.70418215
-2.12767005 -1.98358858 -0.73851264
-1.81565702 -1.80344760 -1.01359940
-2.16940665 -2.00768518 -0.87112105
-1.99641299 -1.90780723 -0.99134248
-2.06032729 -1.94470823 -0.93902785
-1.87829089 -1.83960938 -0.88759333
-2.03666425 -1.93104625 -0.99745959
-2.11794901 -1.97797608 -0.95802128
-1.65271378 -1.70937228 -0.97711009
-2.14042020 -1.99094975 -0.64878827
-1.54539573 -1.64741218 -1.01334798
-1.91883659 -1.86301839 -0.94223469
-1.70252597 -1.73813140 -0.95411533
-2.18287158 -2.01545906 -0.80254942
-2.09062886 -1.96220279 -0.81830382
-2.13929558 -1.99030054 -0.76272792
-2.07827878 -1.95507252 -0.79759550
-1.93915021 -1.87474656 -0.73031718
-2.16900826 -2.00745511 -0.80339760
-2.11357093 -1.97544837 -0.83065391
-1.98229587 -1.89965665 -0.93754143
-1.94028831 -1.87540352 -0.84709400
-1.99861395 -1.90907788 -0.77721739
-1.63352895 -1.69829595 -1.01382148
-1.97742295 -1.89684319 -0.74110508
-2.10104275 -1.96821523 -0.81643438
-1.99525213 -1.90713704 -0.92975605
-1.88864219 -1.84558558 -1.02050793
-2.03223896 -1.92849135 -0.77091324
-1.84007835 -1.81754732 -0.92569327
-2.04454112 -1.93559396 -0.86492181
-2.13094783 -1.98548090 -0.99687976
-2.09137845 -1.96263552 -0.62143832
-2.09654260 -1.96561706 -0.97420192
-1.66705346 -1.71765125 -0.93330020
-1.70337319 -1.73862052 -0.96175826
-1.74378884 -1.76195455 -0.94701457
-2.17145228 -2.00886631 -0.57699364
-1.45949352 -1.59781647 -1.00880134
-2.16582918 -2.00561976 -0.81024450
-1.64554071 -1.70523095 -1.00941765
-1.90744197 -1.85643971 -0.91960537
-1.74596095 -1.76320863 -0.97558671
-2.05722094 -1.94291461 -0.78129554
-1.99182284 -1.90515709 -0.72126091
-2.15080738 -1.99694693 -0.98040134
-2.18333411 -2.01572609 -0.71673906
-1.66216290 -1.71482778 -0.96525371
-2.02597213 -1.92487311 -0.92584336
-1.81973135 -1.80579996 -0.86923265
-1.79962528 -1.79419172 -1.01513195
-1.68028319 -1.72528946 -0.89551002
-1.70709622 -1.74076998 -0.99362534
-1.87030482 -1.83499861 -0.88397318
-2.13780665 -1.98944092 -0.95057732
-1.72475696 -1.75096643 -0.87440383
-1.55440235 -1.65261209 -0.98502082
-2.19755125 -2.02393436 -0.81998569
-2.15817308 -2.00119948 -0.86088902
-2.15993190 -2.00221491 -0.69293851
-1.77683759 -1.78103518 -0.89175189
-2.03253102 -1.92865992 -0.91021639
-2.10466671 -1.97030759 -0.78460503
-2.13970137 -1.99053478 -0.70578015
-2.05677509 -1.94265723 -0.80538374
-2.05436659 -1.94126678 -0.67289090
-2.05260873 -1.94025183 -0.71649605
-1.85739958 -1.82754779 -0.82133782
-1.93602312 -1.87294102 -0.78319538
-1.76197755 -1.77245581 -0.88536608
-2.10200644 -1.96877158 -0.64694458
-2.08010793 -1.95612848 -0.90425402
-1.64330149 -1.70393813 -0.98268962
-2.05018210 -1.93885076 -0.71668488
-2.04507518 -1.93590236 -1.00774539
-2.03306007 -1.92896545 -0.86472565
-1.83960259 -1.81727266 -0.84834719
-1.93744349 -1.87376106 -1.01120436
-2.02797484 -1.92602944 -0.70047987
-2.04848909 -1.93787336 -0.95702219
-2.16853261 -2.00718045 -0.75217783
-2.06005836 -1.94455278 -0.67549235
-1.95003474 -1.88103068 -0.81486273
-1.93990624 -1.87518299 -1.00456393
-1.83324051 -1.81359947 -0.81521046
-2.12277818 -1.98076415 -0.88565975
-1.82101679 -1.80654216 -0.89764410
-1.99116516 -1.90477741 -0.71834272
-1.48208201 -1.61085796 -1.01633406
-2.15169072 -1.99745691 -1.01635110
-2.17388129 -2.01026869 -0.99768174
-1.89371085 -1.84851205 -0.78315288
-2.17825675 -2.01279473 -0.89559555
-1.69977295 -1.73654187 -1.00784504
-1.75617051 -1.76910305 -0.94668287
-1.77933955 -1.78247976 -0.92864460
-1.99570143 -1.90739632 -0.67326534
-2.16786480 -2.00679493 -0.84704030
-1.69181097 -1.73194516 -0.91071337
-2.17977953 -2.01367378 -0.68695021
-1.61557555 -1.68793058 -0.96969527
-1.74874151 -1.76481390 -0.90059757
-1.65074158 -1.70823371 -0.97991794
-2.06505370 -1.94743693 -1.01209342
-1.90845096 -1.85702229 -0.87853581
-1.99607337 -1.90761113 -0.85903001
-2.10209131 -1.96882057 -0.75567746
-2.08670235 -1.95993578 -0.88255793
-1.41516364 -1.57222259 -0.99636191
-1.91800821 -1.86254013 -0.78794622
-2.07819080 -1.95502162 -0.72963756
-1.76994443 -1.77705550 -0.97124797
-1.68910980 -1.73038554 -0.95959127
-1.71971667 -1.74805641 -0.99260974
-1.73290300 -1.75566959 -0.88982517
-2.14712858 -1.99482298 -0.70020038
-1.75269568 -1.76709688 -1.00321949
-1.45089495 -1.59285212 -0.99566770
-1.73691463 -1.75798571 -0.90858698
-2.12455297 -1.98178887 -0.85621160
-2.16732049 -2.00648069 -0.69170147
-2.03919816 -1.93250918 -0.90478015
-1.85060799 -1.82362664 -0.92144507
-2.06362319 -1.94661105 -0.84456193
-2.20038652 -2.02557135 -0.79928786
-2.06699443 -1.94855738 -0.88060892
-1.70182407 -1.73772609 -0.91786391
-2.01410747 -1.91802311 -0.95581597
-1.80913353 -1.79968131 -0.80644280
-2.14725709 -1.99489713 -0.74018258
-1.69303799 -1.73265350 -0.97479939
-1.96660328 -1.89059651 -0.73076475
-2.08738399 -1.96032929 -0.78475070
-1.58305216 -1.66915309 -0.90638083
-2.01107240 -1.91627073 -0.83269322
-2.10730147 -1.97182882 -0.74856263
-1.73288143 -1.75565708 -0.91488928
-2.11376381 -1.97555971 -0.74221021
-1.59217060 -1.67441761 -0.99598098
-1.95472527 -1.88373876 -1.00779986
-1.72378981 -1.75040805 -0.95239842
-1.86580157 -1.83239865 -0.82390124
-1.54729652 -1.64850950 -0.98479289
-2.17685699 -2.01198649 -0.79472655
-1.84845829 -1.82238555 -0.91674918
-1.88137078 -1.84138751 -0.76111972
-1.77902579 -1.78229856 -0.84478468
-2.09930205 -1.96721017 -0.77929497
-2.16640997 -2.00595498 -0.77543318
-1.82104707 -1.80655956 -0.83338517
-1.78597200 -1.78630900 -0.80670547
-1.88099074 -1.84116805 -0.87535435
-1.73029864 -1.75416601 -0.98166323
-1.74574780 -1.76308548 -0.90895915
-1.96853948 -1.89171445 -0.97266573
-1.55586791 -1.65345824 -0.98798567
-1.47856033 -1.60882473 -0.96288997
-2.14593053 -1.99413109 -0.76430398
-1.93161809 -1.87039781 -0.82563883
-2.17399049 -2.01033163 -0.83685511
-1.76297808 -1.77303338 -0.90040159
-1.82147968 -1.80680931 -0.99631399
-2.18143177 -2.01462793 -1.02268374
-2.12100220 -1.97973883 -0.88950443
-1.97577631 -1.89589262 -0.90802962
-1.89806449 -1.85102558 -0.86281705
-2.11256933 -1.97487009 -0.70992428
-1.59822893 -1.67791545 -0.94107854
-2.19710398 -2.02367616 -1.01580656
-1.98087811 -1.89883816 -0.77268451
-1.84136450 -1.81828988 -0.81674778
-1.44420505 -1.58898973 -0.98700905
-1.62837708 -1.69532144 -0.94845808
-1.44714725 -1.59068835 -0.99767953
-1.81194127 -1.80130231 -1.00819361
-1.96211040 -1.88800251 -0.75601470
-1.81383145 -1.80239367 -0.94281596
-1.89514935 -1.84934258 -0.78276157
-1.75726688 -1.76973605 -0.89901739
-2.15936518 -2.00188756 -0.71238089
-1.95400512 -1.88332295 -0.83131033
-2.14898801 -1.99589646 -0.68878597
-2.03883362 -1.93229878 -0.87505203
-1.83176565 -1.81274796 -0.91532177
-2.16370654 -2.00439429 -0.79578352
-2.02166390 -1.92238581 -0.68609202
-2.16610694 -2.00577998 -0.73989326
-2.10912037 -1.97287881 -0.90924013
-1.99408305 -1.90646195 -1.00256574
-1.93165517 -1.87041926 -0.91213745
-1.87186277 -1.83589804 -0.94140673
-2.15667939 -2.00033712 -0.76932818
-1.80332899 -1.79633009 -0.90580118
-1.84783864 -1.82202768 -0.84484124
-1.52222073 -1.63403201 -0.94639474
-2.16193986 -2.00337434 -0.86054116
-2.15029097 -1.99664879 -0.90457803
-2.05915976 -1.94403410 -0.93138510
-1.77520728 -1.78009391 -0.99742693
-1.73083389 -1.75447500 -1.00715363
-2.07686257 -1.95425475 -0.85674280
-1.55884087 -1.65517473 -0.92302120
-1.40351069 -1.56549478 -1.02158797
-2.14564395 -1.99396586 -0.58614284
-1.67952847 -1.72485375 -0.85491234
-2.10404563 -1.96994901 -0.78458542
-2.05272174 -1.94031703 -0.76351714
-2.20254946 -2.02682018 -0.78128874
-2.19896793 -2.02475238 -0.72643048
-1.94718838 -1.87938738 -0.88077027
-1.81555295 -1.80338752 -1.01192987
-1.95047688 -1.88128591 -0.99473351
-1.61846769 -1.68960023 -0.95012677
-2.06739974 -1.94879150 -0.82471538
-1.76014400 -1.77139723 -0.95443761
-1.97676265 -1.89646208 -0.97060263
-1.97247696 -1.89398777 -0.78802139
-2.06808376 -1.94918633 -0.77278000
-2.05459476 -1.94139838 -0.79357123
-1.96008241 -1.88683176 -0.82890481
-2.01166868 -1.91661501 -0.83628899
-2.09917378 -1.96713614 -0.75819021
-1.88303375 -1.84234762 -0.96268195
-2.17535424 -2.01111889 -0.79049748
-2.05633783 -1.94240475 -0.72940564
-2.09453177 -1.96445620 -0.88768810
-2.07669282 -1.95415676 -0.65186960
-1.71666813 -1.74629641 -0.87402797
-1.82395709 -1.80823970 -0.91146076
-2.08083677 -1.95654929 -0.96833295
-1.68406081 -1.72747052 -0.90110767
-1.73091137 -1.75451970 -1.01751375
-1.87460494 -1.83748126 -0.75281590
-1.94352007 -1.87726951 -0.97222859
-2.18062258 -2.01416063 -0.88540089
-1.91567576 -1.86119354 -0.95946109
-2.13066745 -1.98531902 -0.67218852
-1.82751524 -1.81029403 -0.98046225
-1.89701712 -1.85042095 -1.01990688
-1.90028965 -1.85231030 -0.93530101
-2.11762834 -1.97779095 -0.60682297
-1.55336189 -1.65201151 -0.98980039
-1.95852661 -1.88593352 -0.97042435
-2.18072772 -2.01422143 -0.56789881
-2.18023300 -2.01393580 -0.87936687
-2.04047585 -1.93324685 -0.76252770
-1.58232462 -1.66873312 -1.00124419
-2.14972687 -1.99632299 -0.85409057
-1.93414164 -1.87185478 -0.99688953
-1.55217695 -1.65132725 -0.96544451
-2.16158295 -2.00316811 -0.94919056
-1.57786012 -1.66615546 -0.98978603
-1.51150894 -1.62784755 -1.01741004
-2.15731955 -2.00070667 -0.94456083
-2.09957957 -1.96737051 -0.66677570
-1.87055635 -1.83514380 -0.89594835
-2.06027699 -1.94467902 -0.80060756
-1.89233148 -1.84771574 -0.78746384
-1.86089981 -1.82956862 -1.02355373
-2.04425120 -1.93542659 -0.71606660
-1.93596661 -1.87290847 -1.00302494
-2.04762602 -1.93737507 -0.75692534
-1.56100368 -1.65642345 -0.97501296
-2.02913308 -1.92669821 -0.74222696
-2.01375198 -1.91781795 -0.92327243
-1.63136709 -1.69704783 -0.92086017
-1.69534981 -1.73398817 -0.95906651
-1.74379957 -1.76196074 -0.91653889
-2.02648473 -1.92516911 -0.80583709
-1.82339275 -1.80791390 -0.97442907
-1.87331820 -1.83673835 -0.99370688
-2.13001370 -1.98494172 -0.85828978
-2.12737584 -1.98341870 -0.74528879
-2.19814754 -2.02427864 -0.69446570
-1.49701715 -1.61948073 -1.01676595
-1.63506842 -1.69918478 -0.90980881
-1.92739081 -1.86795723 -0.90493345
-2.05518436 -1.94173884 -0.97873837
-2.06004333 -1.94454420 -0.66012025
-2.00897789 -1.91506159 -0.85517907
-2.01467109 -1.91834855 -1.00645316
-1.90822434 -1.85689139 -0.74384153
-1.95962894 -1.88656986 -0.91096210
-2.16258240 -2.00374508 -0.75046718
-1.73424280 -1.75644314 -0.85336787
-2.02758217 -1.92580271 -0.86175162
-1.96082163 -1.88725853 -0.90280282
-2.11773634 -1.97785330 -0.91847044
-1.93789423 -1.87402129 -0.82645959
-1.57468629 -1.66432309 -1.02233243
-1.92509651 -1.86663258 -0.91857833
-1.96320391 -1.88863385 -0.97784460
-1.82189679 -1.80705023 -0.82234573
-1.55915725 -1.65535736 -0.98829937
-1.98005533 -1.89836311 -0.81624275
-2.06427288 -1.94698620 -0.93080425
-1.77493680 -1.77993774 -0.79681593
-1.90272701 -1.85371757 -1.01541913
-1.96112943 -1.88743615 -0.93083584
-2.18915129 -2.01908469 -0.85154623
-1.68295085 -1.72682965 -1.02315760
-2.19305563 -2.02133894 -0.92094260
-1.72000194 -1.74822116 -0.89740628
-1.95825911 -1.88577902 -0.83390546
-1.66761672 -1.71797657 -0.88057017
-1.47092795 -1.60441816 -0.99644196
-1.78346944 -1.78486419 -0.93833041
-1.97355044 -1.89460742 -0.70801592
-1.69685566 -1.73485768 -1.01415634
-2.13096213 -1.98548913 -0.91573286
-2.12270236 -1.98072040 -0.76339829
-2.05480123 -1.94151759 -0.65550739
-2.18776703 -2.01828551 -0.97990149
-1.90575290 -1.85546458 -0.76801002
-1.85950315 -1.82876217 -0.74926454
-2.14769411 -1.99514937 -0.71993726
-1.92003107 -1.86370802 -0.71323758
-2.03180933 -1.92824328 -0.66041946
-1.99312568 -1.90590930 -0.84691995
-2.08039451 -1.95629394 -1.00812674
-2.19153714 -2.02046227 -0.86614507
-2.17880988 -2.01311398 -0.58458722
-1.92892313 -1.86884189 -0.81803769
-1.89156973 -1.84727585 -0.80433297
-1.79275060 -1.79022264 -0.82827139
-1.77380145 -1.77928233 -0.87130529
-1.81641245 -1.80388379 -0.92734975
-1.77651143 -1.78084695 -0.97634286
-1.84929883 -1.82287073 -0.79378074
-1.77834702 -1.78190672 -0.81314063
-2.10432005 -1.97010744 -0.88019705
-1.82582116 -1.80931592 -0.92828035
-2.01157498 -1.91656089 -0.69954598
-2.13015223 -1.98502159 -0.67146760
-1.98217678 -1.89958787 -0.89771926
-2.19476867 -2.02232790 -0.74623102
-2.03818679 -1.93192530 -0.67333049
-2.09685731 -1.96579874 -0.94457638
-1.83953857 -1.81723571 -0.77101833
-2.07588243 -1.95368898 -0.84711933
-1.97985590 -1.89824796 -0.99888319
-2.18483305 -2.01659155 -0.71410972
-1.94571018 -1.87853384 -0.96421379
-2.00877810 -1.91494620 -0.72416204
-1.88724458 -1.84477878 -0.98908174
-1.57353628 -1.66365910 -0.95804173
-1.73200905 -1.75515342 -0.94102967
-2.01578951 -1.91899419 -0.88219941
-1.54988408 -1.65000355 -0.95397508
-2.12281108 -1.98078310 -1.00237107
-2.07423592 -1.95273829 -0.71321476
-2.13724995 -1.98911953 -0.87190354
-2.18162227 -2.01473784 -0.83658260
-1.95292461 -1.88269913 -0.97977275
-2.07090425 -1.95081484 -0.64439595
-2.11066699 -1.97377169 -0.89640683
-1.60955107 -1.68445230 -1.01231933
-1.76674449 -1.77520800 -0.94141787
-1.67102098 -1.71994197 -0.89122057
-1.79416966 -1.79104197 -1.02047408
-1.86446142 -1.83162487 -0.46770611
-1.71607220 -1.74595225 -0.71310842
-1.52227914 -1.63406575 -0.41370988
-1.70740724 -1.74094963 -0.62107581
-1.75572658 -1.76884675 -0.80036020
-1.64213061 -1.70326209 -0.70183021
-1.70797122 -1.74127519 -0.75532573
-1.54045701 -1.64456081 -0.49455503
-1.42893422 -1.58017302 -0.79869103
-1.55705464 -1.65414345 -0.41978857
-1.48845625 -1.61453819 -0.76222044
-1.61856258 -1.68965507 -0.61650103
-1.53750539 -1.64285660 -0.58001149
-1.49794734 -1.62001777 -0.39033166
-1.53507698 -1.64145470 -0.74858594
-1.41480362 -1.57201481 -0.97557700
-1.85392618 -1.82554245 -0.46849692
-1.47337723 -1.60583222 -0.67747855
-1.65276694 -1.70940292 -0.47561765
-2.04829884 -1.93776345 -0.53441894
-1.53322625 -1.64038610 -0.62157959
-1.41830599 -1.57403684 -0.71543825
-1.38678658 -1.55583918 -0.67953330
-1.53550947 -1.64170432 -0.45492035
-1.50924981 -1.62654328 -0.47696263
-1.86589742 -1.83245397 -0.53908765
-1.81189001 -1.80127275 -0.47819257
-1.86918151 -1.83434999 -0.44879636
-1.53942633 -1.64396572 -0.58484972
-1.79243374 -1.79003966 -0.71475297
-1.41520441 -1.57224619 -0.99185663
-1.63462615 -1.69892943 -0.42942476
-1.53643250 -1.64223719 -0.54857606
-1.41717875 -1.57338595 -0.69237763
-1.92886281 -1.86880708 -0.53151709
-1.76299202 -1.77304149 -0.78855377
-1.56285298 -1.65749109 -0.65104973
-1.75223720 -1.76683223 -0.42845398
-1.63732708 -1.70048881 -0.74725282
-2.03188467 -1.92828679 -0.57490867
-1.42052436 -1.57531762 -0.74604797
-1.42895448 -1.58018482 -0.46529016
-1.45447195 -1.59491730 -0.53555733
-1.42746055 -1.57932222 -0.57430357
-1.97602391 -1.89603555 -0.60596877
-1.62787724 -1.69503295 -0.46912163
-1.80944681 -1.79986215 -0.70708585
-1.78816617 -1.78757584 -0.53193092
-1.58277035 -1.66899049 -0.41138032
-1.37810278 -1.55082548 -0.98535055
-1.85093307 -1.82381427 -0.62410718
-1.71023917 -1.74258459 -0.75808340
-1.49191022 -1.61653233 -0.76390773
-1.84568644 -1.82078516 -0.75095540
-1.57094920 -1.66216552 -0.65434694
-1.42559457 -1.57824492 -0.74884164
-1.85230708 -1.82460761 -0.71268117
-1.46576715 -1.60143852 -0.66768414
-1.52773154 -1.63721371 -0.72637063
-1.98808014 -1.90299618 -0.49614760
-1.64944983 -1.70748782 -0.67931390
-1.45337486 -1.59428382 -0.42023346
-1.86112380 -1.82969797 -0.68727016
-1.79582977 -1.79200041 -0.59119105
-1.61314404 -1.68652666 -0.65428507
-1.65946031 -1.71326745 -0.84683573
-1.52716470 -1.63688648 -0.55157876
-1.74536633 -1.76286530 -0.59404910
-1.58903682 -1.67260838 -0.33896321
-1.47622800 -1.60747814 -0.38522339
-1.45366013 -1.59444857 -0.63881063
-1.86042881 -1.82929659 -0.45829314
-1.61543584 -1.68784988 -0.51388282
-1.37968099 -1.55173671 -0.71060497
-1.59530222 -1.67622566 -0.76941746
-1.46099818 -1.59868526 -0.86450219
-1.47084880 -1.60437250 -0.57049173
-1.47511697 -1.60683668 -0.74892026
-1.75254858 -1.76701188 -0.75501651
-1.54550672 -1.64747632 -0.50464916
-1.64877534 -1.70709836 -0.85390872
-2.19052553 -2.01987815 -0.54522270
-1.75023174 -1.76567435 -0.45677829
-1.41089773 -1.56975961 -0.80154222
-1.46354806 -1.60015738 -0.36651891
-1.87170053 -1.83580434 -0.46747088
-1.53499317 -1.64140630 -0.79246116
-1.53834248 -1.64333999 -0.63375735
-1.96564555 -1.89004362 -0.55446410
-2.14592552 -1.99412823 -0.57151544
-1.40924025 -1.56880271 -0.64612937
-1.38739431 -1.55619001 -0.48556730
-1.76295984 -1.77302289 -0.40879384
-1.40546572 -1.56662345 -0.46429852
-1.53753412 -1.64287329 -0.79070663
-2.02130890 -1.92218089 -0.63357180
-1.78855693 -1.78780138 -0.53412819
-1.87613451 -1.83836436 -0.43214250
-1.43403208 -1.58311629 -0.77058852
-1.46400154 -1.60041916 -0.63882768
-1.48217082 -1.61090922 -0.51376700
-1.58447993 -1.66997743 -0.72398686
-1.85498703 -1.82615483 -0.45981720
-1.99427283 -1.90657151 -0.60038304
-1.70117688 -1.73735249 -0.59310883
-1.46579480 -1.60145450 -0.57450336
-1.78036833 -1.78307366 -0.42730981
-1.94116247 -1.87590826 -0.48420823
-1.64070594 -1.70243955 -0.41769764
-1.80384851 -1.79663002 -0.49494934
-1.64410031 -1.70439935 -0.48482066
-1.65089428 -1.70832181 -0.76268822
-1.45494366 -1.59518957 -0.55006242
-1.46629786 -1.60174501 -0.91815770
-1.46920836 -1.60342538 -0.40976784
-1.38912976 -1.55719197 -0.45279643
-1.79396105 -1.79092145 -0.45589635
-1.57755625 -1.66598010 -0.56840479
-1.59466720 -1.67585909 -0.35938042
-1.58083856 -1.66787517 -0.88403100
-1.48409748 -1.61202157 -0.56258029
-1.40894926 -1.56863475 -0.61088693
-1.56237292 -1.65721393 -0.69627810
-2.14108491 -1.99133348 -0.52639127
-1.55221224 -1.65134776 -0.66648680
-1.67051196 -1.71964812 -0.73377603
-1.47117817 -1.60456264 -0.43286639
-1.59888554 -1.67829454 -0.52220541
-2.06099749 -1.94509506 -0.60183454
-1.81374407 -1.80234313 -0.56537396
-1.58322847 -1.66925490 -0.45805266
-1.40947545 -1.56893849 -0.40713230
-2.02446365 -1.92400229 -0.52653617
-1.83971691 -1.81733859 -0.63903320
-1.65871656 -1.71283793 -0.48565698
-1.52060020 -1.63309646 -0.52794969
-1.89845049 -1.85124850 -0.56958646
-1.40003633 -1.56348884 -0.39619675
-1.94070733 -1.87564552 -0.57233435
-1.49447846 -1.61801505 -0.67512739
-1.71302330 -1.74419200 -0.40650836
-1.97342587 -1.89453554 -0.64119542
-1.44313872 -1.58837402 -0.65776432
-1.83074439 -1.81215835 -0.75097632
-1.50515592 -1.62417972 -0.51702565
-2.05489039 -1.94156921 -0.57257074
-1.71817970 -1.74716902 -0.51049340
-1.41648722 -1.57298672 -0.69970095
-1.84180725 -1.81854546 -0.69305760
-2.01053667 -1.91596150 -0.59159583
-1.44523954 -1.58958697 -0.43973529
-1.55229568 -1.65139580 -0.52369654
-1.56409943 -1.65821075 -0.67733765
-1.50425184 -1.62365770 -0.30136701
-1.50241876 -1.62259936 -0.49633089
-1.64588571 -1.70543015 -0.47923213
-1.44840956 -1.59141719 -0.59687185
-1.45876551 -1.59739614 -0.79507375
-1.41110981 -1.56988215 -0.65919459
-1.48271334 -1.61122239 -0.43003881
-1.44761336 -1.59095752 -0.43404311
-1.44294453 -1.58826196 -0.54860687
-1.48168874 -1.61063087 -0.55627704
-1.83552837 -1.81492031 -0.63342601
-1.42899144 -1.58020616 -0.52618521
-2.02683020 -1.92536855 -0.48650557
-1.70480418 -1.73944676 -0.46189949
-2.09372044 -1.96398771 -0.55366486
-1.53675425 -1.64242303 -0.51254565
-1.47336137 -1.60582316 -0.61291021
-1.48957944 -1.61518657 -0.82510829
-1.61325824 -1.68659258 -0.45572761
-1.57917106 -1.66691244 -0.73495173
-1.45071387 -1.59274757 -0.34535459
-1.43841922 -1.58564925 -0.44130707
-1.46455121 -1.60073650 -0.83837652
-1.42859066 -1.57997477 -0.80750453
-1.91214716 -1.85915625 -0.54674256
-1.38720524 -1.55608082 -0.35220933
-1.40104449 -1.56407094 -0.87217462
-1.65265167 -1.70933652 -0.77094448
-1.40884924 -1.56857693 -0.34234098
-1.39144027 -1.55852592 -0.32239932
-1.51275098 -1.62856472 -0.50343204
-1.62778270 -1.69497836 -0.39319572
-1.94400632 -1.87755024 -0.65434891
-1.68494368 -1.72798026 -0.77576572
-1.54598236 -1.64775085 -0.70262843
-2.00778985 -1.91437566 -0.53947413
-1.73829138 -1.75878048 -0.78331143
-1.51839674 -1.63182437 -0.66828054
-1.63300908 -1.69799578 -0.51475054
-2.09471488 -1.96456194 -0.58492059
-1.49386609 -1.61766148 -0.72679973
-1.39071667 -1.55810821 -0.55909717
-1.66557539 -1.71679795 -0.62199950
-1.72559404 -1.75144970 -0.70868921
-1.67358482 -1.72142220 -0.50300640
-1.59404838 -1.67550182 -0.59160405
-1.64373338 -1.70418739 -0.69967073
-1.42791164 -1.57958269 -0.27271444
-1.51906025 -1.63220739 -0.84392840
-1.56377828 -1.65802526 -0.76732785
-1.92626691 -1.86730826 -0.51154894
-1.77338254 -1.77904046 -0.66390616
-1.40536594 -1.56656599 -0.44895473
-1.48754621 -1.61401272 -0.46104804
-1.36878455 -1.54544568 -0.96223730
-1.73842275 -1.75885642 -0.41411325
-1.75513518 -1.76850533 -0.59579021
-1.73421514 -1.75642717 -0.40285856
-1.82806563 -1.81061172 -0.44581729
-1.69746935 -1.73521197 -0.80928493
-1.55707717 -1.65415645 -0.65976793
-1.80883324 -1.79950798 -0.52245182
-1.95785785 -1.88554740 -0.48822835
-1.66473949 -1.71631539 -0.53496701
-1.48993814 -1.61539364 -0.46260136
-1.44527352 -1.58960652 -0.41873643
-1.38722169 -1.55609035 -0.42490694
-1.80637205 -1.79808700 -0.52813339
-1.60080409 -1.67940223 -0.67506397
-2.02318144 -1.92326200 -0.65007377
-1.62614524 -1.69403291 -0.70882511
-2.07779217 -1.95479155 -0.55634922
-1.67737782 -1.72361207 -0.49457172
-1.38538969 -1.55503261 -0.32005265
-1.45834529 -1.59715354 -0.85683709
-1.48746371 -1.61396515 -0.29255962
-1.54558420 -1.64752090 -0.76797187
-1.56647122 -1.65958011 -0.78616285
-1.53115904 -1.63919258 -0.54301322
-1.57456350 -1.66425216 -0.56546640
-1.74553227 -1.76296115 -0.51761436
-1.39978087 -1.56334138 -0.67957932
-1.81817341 -1.80490053 -0.53998047
-1.98053133 -1.89863789 -0.65477473
-1.44777775 -1.59105229 -0.45752683
-1.68686771 -1.72909117 -0.52383089
-1.70220745 -1.73794746 -0.47002596
-1.55083299 -1.65055132 -0.65158379
-1.51679468 -1.63089931 -0.62673169
-1.63472617 -1.69898713 -0.34725219
-1.99016976 -1.90420270 -0.52586895
-1.78329158 -1.78476143 -0.44303897
-1.42132676 -1.57578087 -0.65117425
-1.55320811 -1.65192258 -0.48576665
-1.41556263 -1.57245302 -0.76903588
-1.53900182 -1.64372063 -0.64366788
-2.01451898 -1.91826069 -0.60376912
-1.67650676 -1.72310913 -0.46746120
-1.59617901 -1.67673194 -0.74809211
-1.70090723 -1.73719680 -0.44515800
-1.80645728 -1.79813612 -0.75201041
-2.01124263 -1.91636908 -0.51904351
-1.56054032 -1.65615594 -0.37916595
-1.69477463 -1.73365617 -0.40584433
-1.68821466 -1.72986877 -0.59034342
-1.76131153 -1.77207124 -0.71408844
-1.78815007 -1.78756654 -0.54039502
-1.74359274 -1.76184130 -0.43088284
-1.39136052 -1.55847991 -0.93842566
-1.37719238 -1.55029988 -0.88000792
-1.52234232 -1.63410223 -0.33880335
-1.70001853 -1.73668373 -0.73188049
-1.65001070 -1.70781171 -0.38636088
-1.49103391 -1.61602628 -0.69016349
-1.88160360 -1.84152198 -0.63889527
-1.72548950 -1.75138938 -0.78271854
-1.87570632 -1.83811712 -0.52124250
-1.83653796 -1.81550324 -0.70713264
-1.49407411 -1.61778164 -0.30786955
-1.48589897 -1.61306167 -0.80305713
-1.60316849 -1.68076730 -0.44940367
-1.48856640 -1.61460173 -0.40250075
-1.47131479 -1.60464144 -0.79528314
-1.58982408 -1.67306292 -0.53482050
-1.57214403 -1.66285527 -0.62891895
-1.65583336 -1.71117342 -0.80189276
-1.98975217 -1.90396154 -0.61689246
-1.47529328 -1.60693848 -0.89665890
-1.49947810 -1.62090158 -0.56092405
-1.47846437 -1.60876930 -0.77573413
-1.38859773 -1.55688477 -0.88054419
-1.98997855 -1.90409231 -0.57692409
-1.56719959 -1.66000056 -0.81828541
-1.48188198 -1.61074245 -0.59196091
-1.41464972 -1.57192588 -0.48069268
-1.50393581 -1.62347531 -0.86007917
-1.61924469 -1.69004893 -0.73464555
-2.05654263 -1.94252300 -0.50050247
-1.62591624 -1.69390070 -0.45045799
-1.58861578 -1.67236531 -0.32712889
-1.71584952 -1.74582374 -0.76629776
-2.00669956 -1.91374624 -0.51304984
-1.44765961 -1.59098423 -0.39678714
-1.44427335 -1.58902907 -0.48610023
-1.46383250 -1.60032153 -0.54605597
-1.46834946 -1.60292947 -0.68608743
-1.60383534 -1.68115234 -0.43691972
-1.48422325 -1.61209428 -0.43796748
-2.03559470 -1.93042874 -0.63213450
-1.56332183 -1.65776181 -0.84660494
-1.58565545 -1.67065620 -0.85940838
-1.98898554 -1.90351892 -0.58450222
-1.74274409 -1.76135135 -0.60469013
-1.39075279 -1.55812895 -0.75856125
-1.90198076 -1.85328674 -0.54278302
-1.39190435 -1.55879390 -0.91958755
-1.64884984 -1.70714152 -0.66053444
-1.75919485 -1.77084923 -0.73917919
-1.77805173 -1.78173625 -0.57798713
-1.43368173 -1.58291399 -0.45893094
-2.00953436 -1.91538274 -0.65443748
-1.58264112 -1.66891587 -0.77901012
-1.48430288 -1.61214018 -0.33692291
-1.54451573 -1.64690411 -0.83376157
-1.42505908 -1.57793581 -0.93762106
-1.48255408 -1.61113048 -0.36202911
-1.50357580 -1.62326741 -0.46943086
-1.42083752 -1.57549846 -0.60374814
-1.84181559 -1.81855035 -0.56359029
-1.69443512 -1.73346007 -0.79799175
-1.49486363 -1.61823750 -0.87000471
-1.40459800 -1.56612253 -0.39339522
-1.56433892 -1.65834904 -0.66086215
-1.56608236 -1.65935564 -0.36072317
-1.76778257 -1.77580726 -0.47822687
-1.48963213 -1.61521709 -0.55888760
-1.58073318 -1.66781425 -0.88065821
-1.53790390 -1.64308679 -0.40468973
-1.70965946 -1.74224997 -0.63171250
-1.61054420 -1.68502569 -0.63017255
-2.00203419 -1.91105258 -0.54696280
-1.60066819 -1.67932379 -0.73599505
-1.55750048 -1.65440083 -0.91053993
-1.40837836 -1.56830513 -0.26871160
-1.46213651 -1.59934247 -0.55251986
-1.52358341 -1.63481879 -0.69262445
-1.48755932 -1.61402035 -0.31446940
-1.92214942 -1.86493111 -0.65622115
-1.89227569 -1.84768343 -0.49145612
-1.57259011 -1.66311288 -0.80815697
-1.54692149 -1.64829302 -0.74220669
-1.62993991 -1.69622386 -0.54038227
-1.37637484 -1.54982793 -0.76192003
-2.14792371 -1.99528193 -0.56139773
-1.66990590 -1.71929824 -0.60967600
-1.48567629 -1.61293316 -0.76974928
-1.66268349 -1.71512830 -0.47234711
-1.42391694 -1.57727635 -0.80122823
-1.53370392 -1.64066184 -0.79637218
-1.83096266 -1.81228435 -0.65710557
-1.66118109 -1.71426094 -0.36097851
-1.40727186 -1.56766629 -0.62373918
-1.52166665 -1.63371217 -0.31741619
-1.78891432 -1.78800774 -0.60777968
-1.76692998 -1.77531505 -0.52409786
-1.73587012 -1.75738263 -0.65850008
-1.59134936 -1.67394352 -0.48527086
-1.57045913 -1.66188252 -0.78503293
-1.55772853 -1.65453255 -0.87608218
-1.81502581 -1.80308318 -0.41017646
-1.55601633 -1.65354395 -0.62431186
-1.69656444 -1.73468947 -0.67821461
-2.04443264 -1.93553126 -0.51312923
-1.75212467 -1.76676714 -0.56125313
-1.39679849 -1.56161952 -0.45012304
-1.92647243 -1.86742699 -0.57428443
-2.02365470 -1.92353523 -0.48537046
-1.93147564 -1.87031555 -0.68856519
-1.76475561 -1.77405977 -0.64018792
-1.83477008 -1.81448257 -0.64017117
-1.64876628 -1.70709324 -0.78456193
-1.38569951 -1.55521154 -0.40530148
-1.60002363 -1.67895162 -0.51718998
-1.79858267 -1.79358983 -0.42901281
-1.60299397 -1.68066657 -0.41534597
-1.60311007 -1.68073356 -0.82324147
-1.59881163 -1.67825186 -0.70492476
-1.78879607 -1.78793943 -0.40235391
-1.42191505 -1.57612050 -0.82796043
-1.91708577 -1.86200762 -0.57809150
-1.93921065 -1.87478137 -0.50086921
-1.73403537 -1.75632334 -0.63385969
-1.93923688 -1.87479651 -0.61841941
-1.85988665 -1.82898366 -0.71595770
-1.75649726 -1.76929176 -0.76910377
-1.48685825 -1.61361551 -0.44007334
-1.43200767 -1.58194757 -0.84797943
-1.85713315 -1.82739389 -0.45415822
-1.92809212 -1.86836207 -0.56209213
-1.66498721 -1.71645844 -0.63649088
-1.76831079 -1.77611232 -0.42040274
-1.71045732 -1.74271059 -0.66520911
-1.42513847 -1.57798159 -0.72767305
-1.54619670 -1.64787459 -0.65967047
-1.46371114 -1.60025156 -0.61055154
-1.38738573 -1.55618501 -0.30057558
-1.77984655 -1.78277242 -0.62132800
-1.39660573 -1.56150818 -0.64418513
-1.54039943 -1.64452755 -0.82293880
-1.85383689 -1.82549083 -0.54532301
-1.46702743 -1.60216618 -0.30237845
-1.58132768 -1.66815746 -0.84325683
-1.38743174 -1.55621159 -0.47928292
-2.15981364 -2.00214648 -0.56832767
-1.51233017 -1.62832177 -0.90457487
-2.01096869 -1.91621089 -0.56062025
-1.56068838 -1.65624142 -0.61189920
-1.50970030 -1.62680340 -0.48666424
-1.40748084 -1.56778693 -0.44454604
-1.63377464 -1.69843781 -0.53802729
-1.54466248 -1.64698887 -0.77092850
-1.41264904 -1.57077074 -0.30325365
-1.62809277 -1.69515729 -0.38546303
-1.98000360 -1.89833319 -0.64821398
-1.45266414 -1.59387350 -0.55546004
-1.68504655 -1.72803962 -0.73721248
-1.94975400 -1.88086855 -0.64226037
-1.89676630 -1.85027611 -0.56508398
-1.69080722 -1.73136556 -0.51036632
-1.71076035 -1.74288559 -0.76815468
-1.43229282 -1.58211219 -0.51623130
-1.69836760 -1.73573053 -0.40452412
-1.58921790 -1.67271292 -0.52952927
-1.60270762 -1.68050122 -0.57627708
-1.51051784 -1.62727535 -0.72474164
-1.80688536 -1.79838336 -0.53716862
-2.02916503 -1.92671657 -0.64284950
-1.80398703 -1.79670990 -0.59315079
-1.77605009 -1.78058064 -0.59733135
-1.50712943 -1.62531912 -0.69424123
-1.53086519 -1.63902295 -0.70610315
-1.57277560 -1.66321993 -0.37353775
-1.50943863 -1.62665236 -0.85226744
-1.70912433 -1.74194098 -0.72278428
-1.84178030 -1.81852996 -0.68930554
-1.46013343 -1.59818590 -0.68240815
-1.54465973 -1.64698720 -0.81498975
-1.85969710 -1.82887423 -0.72226703
-1.61775517 -1.68918884 -0.45465147
-1.70868874 -1.74168944 -0.41867879
-1.70486879 -1.73948395 -0.51302582
-1.54622185 -1.64788914 -0.86357498
-1.85237432 -1.82464635 -0.45310715
-1.46652353 -1.60187531 -0.40099528
-1.90718877 -1.85629356 -0.70348942
-1.45843911 -1.59720778 -0.58832079
-1.43168724 -1.58176243 -0.79238147
-1.44438469 -1.58909345 -0.29546934
-1.91270649 -1.85947919 -0.54571933
-1.96912503 -1.89205253 -0.58340079
-1.40338266 -1.56542087 -0.68359649
-1.76413548 -1.77370167 -0.64174199
-1.53486335 -1.64133132 -0.60749072
-1.60897577 -1.68412018 -0.59496135
-1.60578227 -1.68227637 -0.42003429
-1.50346076 -1.62320101 -0.45013621
-1.77082670 -1.77756476 -0.50826937
-1.49867046 -1.62043524 -0.83826482
-1.72031808 -1.74840367 -0.37385669
-1.98364305 -1.90043437 -0.66316992
-1.71892762 -1.74760079 -0.78297204
-1.65174377 -1.70881224 -0.79731053
-1.64996004 -1.70778251 -0.65723085
-1.45179319 -1.59337068 -0.67137605
-1.94737911 -1.87949741 -0.58742237
-1.44637370 -1.59024179 -0.72488236
-1.99305069 -1.90586603 -0.62642503
-1.41562712 -1.57249022 -0.85932887
-2.03292012 -1.92888463 -0.56601751
-1.43762863 -1.58519280 -0.73442590
-2.07690501 -1.95427930 -0.53534895
-1.56402779 -1.65816939 -0.84569865
-1.64489460 -1.70485783 -0.40942791
-1.75147295 -1.76639092 -0.47974968
-1.71971178 -1.74805355 -0.66452879
-1.91948175 -1.86339092 -0.58995348
-1.86698174 -1.83307993 -0.46858427
-1.74469519 -1.76247776 -0.43170196
-1.44511628 -1.58951581 -0.66133881
-1.92772973 -1.86815286 -0.59246516
-1.42669368 -1.57887948 -0.90979457
-1.76148868 -1.77217352 -0.58978444
-1.54911029 -1.64955676 -0.84373474
-1.39666009 -1.56153953 -0.54877198
-1.61680222 -1.68863869 -0.84824795
-1.45342422 -1.59431231 -0.60052037
-1.58313704 -1.66920209 -0.71706825
-1.46804595 -1.60275424 -0.71966904
-1.46457410 -1.60074973 -0.51212591
-1.75964618 -1.77110970 -0.77309573
-1.51620913 -1.63056123 -0.64399064
-1.62046969 -1.69075608 -0.85931444
-1.46266294 -1.59964633 -0.82691818
-1.39638793 -1.56138241 -0.29691425
-1.39450157 -1.56029332 -0.28533888
-1.69284177 -1.73254013 -0.74434316
-1.96083069 -1.88726377 -0.66960692
-1.38449097 -1.55451369 -0.46616840
-1.42638075 -1.57869875 -0.39335418
-1.82922661 -1.81128204 -0.52691627
-1.47537172 -1.60698378 -0.86156863
-1.46662819 -1.60193574 -0.34522358
-2.11363959 -1.97548807 -0.54268640
-1.62166560 -1.69144666 -0.84496576
-1.45034647 -1.59253538 -0.37799779
-1.54032302 -1.64448345 -0.78562230
-2.04766631 -1.93739820 -0.59546125
-1.66811991 -1.71826696 -0.56803828
-1.67397451 -1.72164726 -0.69090790
-1.65310335 -1.70959723 -0.46427235
-1.43762898 -1.58519304 -0.28043833
-1.82596350 -1.80939817 -0.65860057
-1.52742302 -1.63703561 -0.63289237
-1.87579608 -1.83816898 -0.55351269
-1.45824146 -1.59709358 -0.63690305
-1.43538392 -1.58389688 -0.82410091
-1.70542204 -1.73980343 -0.48508185
-1.70024729 -1.73681581 -0.72055745
-1.62923980 -1.69581950 -0.34807372
-1.46326637 -1.59999478 -0.43059057
-1.47396588 -1.60617208 -0.86829895
-1.67676020 -1.72325552 -0.66155112
-1.85978019 -1.82892215 -0.56790614
-1.67375016 -1.72151768 -0.53528625
-1.56930971 -1.66121888 -0.58135504
-1.65230012 -1.70913339 -0.64403945
-1.62682819 -1.69442725 -0.34761694
-1.73025167 -1.75413883 -0.49669215
-1.78590786 -1.78627193 -0.54110605
-1.56309021 -1.65762806 -0.36717537
-1.58672905 -1.67127597 -0.58522141
-1.52409816 -1.63511598 -0.69804627
-1.48487747 -1.61247194 -0.74897218
-1.43228650 -1.58210850 -0.67829818
-1.54076850 -1.64474070 -0.50298893
-2.05835938 -1.94357193 -0.56310225
-1.60277915 -1.68054247 -0.67789716
-1.53088617 -1.63903511 -0.45973584
-2.09497523 -1.96471214 -0.52354938
-1.89541459 -1.84949565 -0.47134259
-2.09573913 -1.96515310 -0.55370039
-1.61967003 -1.69029438 -0.65521306
-1.59025812 -1.67331350 -0.75325602
-1.60444176 -1.68150246 -0.40078562
-1.39683187 -1.56163871 -0.27909675
-1.92307842 -1.86546743 -0.46968415
-1.45575964 -1.59566081 -0.27967152
-1.46254194 -1.59957647 -0.56103760
-1.72033572 -1.74841380 -0.56636381
-1.44719517 -1.59071600 -0.73203516
-1.78314483 -1.78467679 -0.59560657
-1.78452897 -1.78547585 -0.65507430
-1.80816782 -1.79912376 -0.63330477
-1.38342917 -1.55390072 -0.96860349
-1.43717599 -1.58493149 -0.62389356
-1.52365780 -1.63486171 -0.32789549
-1.57996297 -1.66736960 -0.87835294
-1.75757051 -1.76991141 -0.39863271
-1.75920582 -1.77085555 -0.61236089
-1.41041946 -1.56948352 -0.46779510
-1.83370137 -1.81386554 -0.55440170
-1.76335037 -1.77324843 -0.68930078
-1.84828293 -1.82228422 -0.43358421
-1.52519345 -1.63574839 -0.76908308
-1.49795961 -1.62002492 -0.51205570
-1.47387183 -1.60611784 -0.44895715
-1.57363486 -1.66371608 -0.80625540
-1.94945467 -1.88069570 -0.62435931
-1.47101545 -1.60446870 -0.75384718
-1.93483829 -1.87225699 -0.47653386
-1.50029182 -1.62137139 -0.78160691
-2.00835752 -1.91470325 -0.57771504
-1.41801023 -1.57386613 -0.55941427
-2.07571387 -1.95359159 -0.52885360
-1.67464888 -1.72203648 -0.37204951
-1.65677059 -1.71171451 -0.47369337
-1.86849773 -1.83395529 -0.73596311
-1.91811454 -1.86260152 -0.51292658
-1.81618702 -1.80375361 -0.68378550
-1.37887526 -1.55127144 -0.61369693
-1.86427641 -1.83151805 -0.67971981
-1.43381655 -1.58299184 -0.62932837
-1.51474392 -1.62971532 -0.44600436
-1.44846570 -1.59144962 -0.51432550
-1.48456776 -1.61229312 -0.89331216
-1.52521574 -1.63576126 -0.86558628
-1.85874081 -1.82832217 -0.61871517
-1.63085866 -1.69675422 -0.43360612
-1.50097966 -1.62176847 -0.56738102
-1.47224236 -1.60517704 -0.48619729
-1.98639667 -1.90202427 -0.58137721
-1.61826885 -1.68948555 -0.36054119
-1.46680117 -1.60203564 -0.93179244
-1.62983465 -1.69616306 -0.77844977
-1.65728974 -1.71201420 -0.36761060
-1.38057935 -1.55225527 -0.73719591
-1.60125840 -1.67966449 -0.45874316
-1.37387788 -1.54838634 -0.80172133
-1.41954362 -1.57475138 -0.97004610
-1.63179004 -1.69729197 -0.85976934
-1.93329060 -1.87136352 -0.67937601
-1.94201005 -1.87639761 -0.52327269
-1.39667916 -1.56155062 -0.91635406
-1.50951171 -1.62669444 -0.39449057
-1.63091671 -1.69678771 -0.42243990
-1.51640058 -1.63067174 -0.36831531
-1.88154066 -1.84148562 -0.64135110
-1.44558847 -1.58978844 -0.34948477
-1.42267120 -1.57655716 -0.55733776
-1.40252995 -1.56492853 -0.47317469
-1.68042386 -1.72537076 -0.64829290
-1.48052120 -1.60995686 -0.55364317
-1.56614208 -1.65939009 -0.85211045
-1.42331195 -1.57692707 -0.90324646
-1.74935985 -1.76517093 -0.63347292
-1.69154859 -1.73179352 -0.51533455
-1.65739155 -1.71207309 -0.79262823
-1.64109170 -1.70266235 -0.44654670
-1.51833022 -1.63178587 -0.88544375
-1.89378703 -1.84855604 -0.68587011
-1.76829076 -1.77610075 -0.46935526
-1.61117637 -1.68539071 -0.70487124
-1.73796034 -1.75858951 -0.74413508
-1.50300300 -1.62293673 -0.81976062
-1.48682499 -1.61359632 -0.63214642
-1.41628134 -1.57286787 -0.69912708
-1.54047871 -1.64457333 -0.48122531
-2.04683399 -1.93691778 -0.52375048
-1.38587964 -1.55531549 -0.84826976
-1.40413070 -1.56585276 -0.82083058
-1.81880128 -1.80526304 -0.68383729
-1.56686342 -1.65980661 -0.35623002
-1.64847934 -1.70692754 -0.73277456
-1.57396913 -1.66390896 -0.53105092
-1.78947258 -1.78832996 -0.70467687
-1.44032371 -1.58674872 -0.29077893
-1.51447392 -1.62955952 -0.88892233
-1.58143580 -1.66821992 -0.50941068
-1.62580597 -1.69383705 -0.35891387
-1.74563932 -1.76302290 -0.46954492
-1.74724245 -1.76394844 -0.56514370
-1.41360378 -1.57132196 -0.46824828
-1.71971428 -1.74805510 -0.71923935
-1.47316182 -1.60570788 -0.68643296
-1.51417160 -1.62938488 -0.91663647
-2.05614376 -1.94229281 -0.61211038
-1.93473041 -1.87219465 -0.58334410
-1.63374817 -1.69842243 -0.65275383
-1.64955711 -1.70754981 -0.74321330
-1.94360101 -1.87731612 -0.50171804
-2.01628590 -1.91928077 -0.48579246
-1.51945591 -1.63243580 -0.57166278
-1.39650798 -1.56145167 -0.71758449
-1.58203483 -1.66856575 -0.46292019
-1.76321208 -1.77316856 -0.53048295
-1.96783674 -1.89130867 -0.48187816
-1.90676403 -1.85604835 -0.57879269
-1.63484395 -1.69905508 -0.80426913
-1.75286603 -1.76719522 -0.79344869
-1.86253953 -1.83051527 -0.72694582
-1.42931378 -1.58039224 -0.52913904
-1.65298676 -1.70952988 -0.73893619
-1.59059453 -1.67350769 -0.86754346
-1.73361361 -1.75607979 -0.74411547
-1.50219774 -1.62247181 -0.91000569
-1.88551068 -1.84377766 -0.55144274
-1.65193105 -1.70892036 -0.74101031
-1.42979312 -1.58066893 -0.54080385
-1.67568254 -1.72263336 -0.82307953
-1.65891826 -1.71295452 -0.62484479
-1.39850831 -1.56260669 -0.64600873
-2.01161599 -1.91658461 -0.57608384
-1.49618173 -1.61899841 -0.89328974
-1.81036818 -1.80039418 -0.55562824
-1.58996594 -1.67314482 -0.72088569
-1.57238555 -1.66299474 -0.58035123
-1.60184169 -1.68000126 -0.78801620
-1.56076825 -1.65628755 -0.38871366
-1.58782172 -1.67190683 -0.87419635
-1.67261541 -1.72086251 -0.72090650
-1.57340252 -1.66358185 -0.66835505
-1.64728081 -1.70623553 -0.55301905
-1.45054054 -1.59264755 -0.45345965
-1.43774188 -1.58525813 -0.34160063
-1.52661312 -1.63656807 -0.87674838
-1.89461720 -1.84903538 -0.50845367
-1.44259548 -1.58806038 -0.30609438
-1.40302539 -1.56521463 -0.95204890
-1.92560542 -1.86692643 -0.54747695
-1.78142262 -1.78368235 -0.52085221
-1.55163014 -1.65101159 -0.50103098
-1.38868845 -1.55693710 -0.38067126
-1.43549657 -1.58396184 -0.84294206
-1.64909983 -1.70728576 -0.71989131
-1.72429681 -1.75070083 -0.74325424
-2.18703842 -2.01786494 -0.55342633
-1.69220603 -1.73217320 -0.77579325
-1.80359292 -1.79648244 -0.66883647
-1.49258876 -1.61692405 -0.92128992
-1.44200504 -1.58771956 -0.62731367
-1.97970045 -1.89815819 -0.53410196
-1.90674436 -1.85603702 -0.68132544
-1.64012063 -1.70210159 -0.56778264
-1.69878983 -1.73597431 -0.53523618
-1.39580548 -1.56104624 -0.65498585
-1.39546692 -1.56085074 -0.35948464
-1.44854128 -1.59149325 -0.58383405
-1.87907434 -1.84006166 -0.66754138
-1.42472446 -1.57774258 -0.80593610
-2.09127569 -1.96257627 -0.52204353
-1.82230592 -1.80728638 -0.52627373
-1.88289309 -1.84226644 -0.57902390
-1.40820742 -1.56820643 -0.64219820
-1.58159447 -1.66831148 -0.51686895
-1.41684783 -1.57319498 -0.56435841
-1.64480150 -1.70480406 -0.46467221
-1.56753910 -1.66019666 -0.83673227
-1.52175367 -1.63376248 -0.78164303
-1.73193133 -1.75510859 -0.71066862
-2.10263610 -1.96913517 -0.58220035
-1.38232923 -1.55326569 -0.72187072
-1.78559983 -1.78609419 -0.41792876
-1.82686937 -1.80992103 -0.50106078
-1.87955606 -1.84033978 -0.67369276
-2.11084414 -1.97387397 -0.55467385
-2.09179473 -1.96287584 -0.55549413
-1.59257376 -1.67465043 -0.88062125
-1.94799662 -1.87985396 -0.69180590
-2.03498816 -1.93007863 -0.51870233
-1.46724081 -1.60228932 -0.51832962
-1.46879947 -1.60318935 -0.57923204
-1.43469691 -1.58350015 -0.62672061
-1.63986146 -1.70195198 -0.71240222
-2.03606057 -1.93069768 -0.63406527
-1.46549571 -1.60128188 -0.49906123
-1.85122979 -1.82398558 -0.43235433
-1.65169883 -1.70878637 -0.66124886
-1.79355419 -1.79068649 -0.74462253
-1.71897459 -1.74762797 -0.63658166
-1.56096590 -1.65640163 -0.33278477
-1.58513999 -1.67035854 -0.52806717
-1.39094424 -1.55823958 -0.27196929
-1.58399236 -1.66969597 -0.46136922
-1.99806762 -1.90876245 -0.47652817
-1.80148053 -1.79526293 -0.73129833
-1.55115592 -1.65073788 -0.51818293
-1.81854951 -1.80511761 -0.64903969
-1.63909543 -1.70150971 -0.76737797
-1.46573782 -1.60142171 -0.94829935
-2.07992554 -1.95602322 -0.54362762
-1.57308602 -1.66339910 -0.65545839
-1.37387359 -1.54838371 -0.94490004
-1.67726028 -1.72354424 -0.45177567
-1.60630107 -1.68257594 -0.57465070
-1.68470418 -1.72784197 -0.47208285
-1.42362487 -1.57710767 -0.30029893
-1.62917244 -1.69578063 -0.37317213
-1.49146211 -1.61627364 -0.87471801
-1.67058468 -1.71969008 -0.54813504
-1.85543036 -1.82641077 -0.56477231
-1.48403668 -1.61198652 -0.77300906
-1.75793028 -1.77011907 -0.77276617
-1.75065994 -1.76592159 -0.63814312
-1.67977452 -1.72499585 -0.40586326
-1.71631622 -1.74609315 -0.42581621
-1.92704225 -1.86775589 -0.62699288
-1.77318275 -1.77892506 -0.64699060
-1.56397533 -1.65813911 -0.58401406
-1.45817816 -1.59705710 -0.85645884
-1.67669666 -1.72321880 -0.48789963
-1.68235707 -1.72648680 -0.67457467
-1.58558464 -1.67061532 -0.72122043
-1.43540502 -1.58390903 -0.90791792
-1.57797599 -1.66622233 -0.43626899
-1.40811706 -1.56815422 -0.45709753
-2.07469249 -1.95300198 -0.62009770
-1.70839441 -1.74151945 -0.69761062
-1.51948297 -1.63245142 -0.63061285
-1.76730347 -1.77553070 -0.42552933
-1.78657758 -1.78665864 -0.45169792
-1.42891717 -1.58016324 -0.80154443
-1.53629935 -1.64216042 -0.84337586
-1.73944283 -1.75944543 -0.54532385
-1.58341646 -1.66936350 -0.50476861
-1.63513684 -1.69922423 -0.76421481
-1.75652814 -1.76930952 -0.57750612
-1.74212992 -1.76099682 -0.51194084
-1.60659492 -1.68274546 -0.68677938
-1.79889584 -1.79377055 -0.45602232
-1.56009388 -1.65589821 -0.47745562
-1.75926185 -1.77088785 -0.56502801
-1.60492074 -1.68177891 -0.65508902
-1.61739397 -1.68898034 -0.41684109
-1.44910789 -1.59182036 -0.81125879
-1.72799361 -1.75283515 -0.52789754
-1.45804060 -1.59697759 -0.49567917
-1.57866824 -1.66662204 -0.44630769
-1.99414968 -1.90650046 -0.64338225
-1.76400959 -1.77362895 -0.46865803
-1.96481633 -1.88956487 -0.67173988
-1.57017159 -1.66171658 -0.42715004
-1.74517095 -1.76275241 -0.69348425
-1.44551444 -1.58974564 -0.29893148
-1.70723391 -1.74084949 -0.54095852
-1.49059010 -1.61577010 -0.30371445
-1.55803084 -1.65470707 -0.41937712
-1.51573205 -1.63028586 -0.80660009
-1.82794976 -1.81054485 -0.51485777
-1.74585378 -1.76314676 -0.51086462
-1.37371874 -1.54829443 -0.88784957
-1.50837386 -1.62603760 -0.30822685
-1.60976171 -1.68457389 -0.44472635
-1.99382627 -1.90631378 -0.53597867
-1.55764353 -1.65448344 -0.90799463
-1.40946734 -1.56893384 -0.51698309
-1.40138578 -1.56426787 -0.72756749
-1.93504381 -1.87237561 -0.59795558
-1.65440309 -1.71034765 -0.56171894
-1.43734670 -1.58502996 -0.94119221
-1.58079171 -1.66784811 -0.61650401
-1.71108162 -1.74307096 -0.75975674
-1.49351788 -1.61746049 -0.86261243
-1.73649180 -1.75774157 -0.66750723
-1.96424890 -1.88923728 -0.56154609
-1.68315721 -1.72694886 -0.83540422
-1.76305795 -1.77307963 -0.51864386
-1.97543120 -1.89569330 -0.53253257
-1.52917254 -1.63804567 -0.63730270
-2.03919864 -1.93250954 -0.52897918
-1.54714143 -1.64842010 -0.65533370
-1.45240140 -1.59372187 -0.36713043
-1.59484100 -1.67595947 -0.88376087
-1.72941458 -1.75365555 -0.53680873
-1.74794567 -1.76435447 -0.62536162
-1.46415031 -1.60050511 -0.76004761
-1.38725090 -1.55610716 -0.99199575
-1.45606411 -1.59583652 -0.42848614
-1.80618417 -1.79797852 -0.57924557
-1.52955580 -1.63826704 -0.61364317
-1.51860344 -1.63194370 -0.82981372
-1.72201312 -1.74938226 -0.80923754
-1.86751354 -1.83338702 -0.65172511
-1.58307660 -1.66916728 -0.39312634
-1.41070306 -1.56964731 -0.60614663
-2.00585628 -1.91325927 -0.47849584
-1.90240872 -1.85353374 -0.68684357
-1.43909371 -1.58603871 -0.64563537
-1.87500417 -1.83771181 -0.61945575
-1.65035713 -1.70801163 -0.63042337
-1.79537201 -1.79173613 -0.52514344
-1.91600966 -1.86138630 -0.47364661
-1.73914969 -1.75927615 -0.71093410
-1.57057786 -1.66195107 -0.62108552
-1.81825030 -1.80494487 -0.56745863
-1.43089104 -1.58130288 -0.29877004
-1.43700957 -1.58483529 -0.74670357
-1.42016864 -1.57511222 -0.69737059
-1.70903897 -1.74189174 -0.37464115
-1.42166793 -1.57597792 -0.59614074
-1.44302011 -1.58830559 -0.45861107
-1.47055769 -1.60420442 -0.83010483
-1.66500866 -1.71647072 -0.64367586
-1.56789339 -1.66040123 -0.63212645
-2.01849198 -1.92055452 -0.54871511
-1.58628857 -1.67102170 -0.63068873
-1.41665041 -1.57308102 -0.59777445
-1.84645748 -1.82123029 -0.43480349
-1.83858347 -1.81668425 -0.66658646
-1.47267187 -1.60542500 -0.29846996
-1.53312159 -1.64032567 -0.63912255
-1.40135491 -1.56425011 -0.68979472
-1.73202634 -1.75516343 -0.48318765
-1.99362803 -1.90619934 -0.48740503
-1.46072805 -1.59852922 -0.52655947
-1.57787931 -1.66616654 -0.64794421
-1.87916648 -1.84011483 -0.56070942
-1.43866599 -1.58579171 -0.31567213
-1.43109775 -1.58142221 -0.62872446
-1.75105822 -1.76615155 -0.79851520
-1.99597192 -1.90755248 -0.53409761
-1.68583977 -1.72849762 -0.67918611
-2.00854397 -1.91481102 -0.56026256
-1.63852775 -1.70118201 -0.36778787
-1.52290630 -1.63442791 -0.52021998
-1.50622511 -1.62479699 -0.56317848
-1.47252190 -1.60533845 -0.90061224
-1.99115431 -1.90477109 -0.57722706
-1.47864640 -1.60887444 -0.88670504
-1.71245837 -1.74386585 -0.37646386
-1.96713495 -1.89090347 -0.63571942
-1.83300591 -1.81346405 -0.52310139
-1.89175546 -1.84738314 -0.64740449
-1.58059204 -1.66773272 -0.72702914
-1.40299594 -1.56519759 -0.73465842
-1.91923976 -1.86325121 -0.70500898
-1.92980444 -1.86935079 -0.49085090
-1.45224202 -1.59362984 -0.40567499
-1.77724957 -1.78127313 -0.46801075
-2.08400583 -1.95837891 -0.56135303
-1.86387014 -1.83128357 -0.54220414
-1.57582808 -1.66498232 -0.32469061
-1.47445464 -1.60645425 -0.59469610
-1.41341949 -1.57121563 -0.46157569
-1.40645587 -1.56719518 -0.39448404
-1.49596310 -1.61887217 -0.39705423
-1.38010716 -1.55198276 -0.67695832
-1.92410338 -1.86605918 -0.62884295
-1.52572310 -1.63605416 -0.57026279
-1.39909923 -1.56294787 -0.35082209
-1.85596716 -1.82672071 -0.43918940
-1.37898767 -1.55133641 -0.60222840
-1.71403825 -1.74477804 -0.74402446
-1.72578967 -1.75156271 -0.74133331
-2.08110833 -1.95670605 -0.57057518
-1.85091054 -1.82380128 -0.53072333
-1.59246850 -1.67458963 -0.74292672
-2.12701941 -1.98321283 -0.55405545
-1.85317934 -1.82511115 -0.69090801
-1.61666143 -1.68855751 -0.64845300
-1.97097838 -1.89312255 -0.56644177
-1.39738846 -1.56196010 -0.81427181
-1.64529979 -1.70509183 -0.49310443
-1.73809230 -1.75866568 -0.69173056
-1.49746132 -1.61973715 -0.54204983
-1.81740546 -1.80445719 -0.75883752
-1.69860578 -1.73586810 -0.47026941
-1.64046335 -1.70229948 -0.56971681
-1.61821425 -1.68945396 -0.81370616
-1.54351306 -1.64632511 -0.39312413
-1.50583744 -1.62457311 -0.49578661
-1.55088055 -1.65057886 -0.68669432
-1.90471971 -1.85486805 -0.67849010
-1.43304741 -1.58254778 -0.27612305
-1.62779474 -1.69498527 -0.70276016
-1.38994372 -1.55766189 -0.70812577
-1.51992381 -1.63270593 -0.67934513
-2.01273990 -1.91723359 -0.59806222
-1.40226734 -1.56477690 -0.62348717
-1.93299711 -1.87119401 -0.54012710
-1.78981483 -1.78852761 -0.70641065
-1.68346870 -1.72712862 -0.48247927
-1.37725139 -1.55033398 -0.65731359
-1.92752004 -1.86803186 -0.58603740
-1.60975158 -1.68456805 -0.84046656
-1.70787263 -1.74121833 -0.75124794
-2.09740376 -1.96611428 -0.58104384
-1.89419341 -1.84879065 -0.45245185
-1.95017588 -1.88111222 -0.55508280
-1.57120574 -1.66231358 -0.51540333
-1.50439525 -1.62374055 -0.70607567
-1.62114787 -1.69114769 -0.61565685
-1.57206249 -1.66280818 -0.59505522
-1.60845625 -1.68382013 -0.87127292
-2.07008791 -1.95034337 -0.50945765
-1.68880641 -1.73021042 -0.45419130
-1.48197806 -1.61079788 -0.29576999
-1.71037686 -1.74266410 -0.82064950
-1.63906980 -1.70149493 -0.40080011
-1.56363106 -1.65794039 -0.89675313
-2.03520250 -1.93020236 -0.55816329
-1.39084625 -1.55818295 -0.74184787
-1.50470018 -1.62391651 -0.50882435
-1.62466800 -1.69318008 -0.50651032
-1.71417165 -1.74485505 -0.77617937
-1.41015351 -1.56932998 -0.37975809
-1.59481680 -1.67594552 -0.86445016
-1.58751571 -1.67173016 -0.69026601
-1.90831923 -1.85694623 -0.53237784
-1.47761643 -1.60827971 -0.70630288
-1.41825974 -1.57401013 -0.72572798
-1.39281189 -1.55931783 -0.40423378
-1.87008202 -1.83486998 -0.63828075
-1.54119718 -1.64498818 -0.78567219
-1.44964826 -1.59213233 -0.77173591
-1.77389252 -1.77933490 -0.45672256
-1.42058420 -1.57535219 -0.55283213
-1.38100827 -1.55250299 -0.73548013
-1.79442120 -1.79118717 -0.45396245
-1.53249323 -1.63996291 -0.89362967
-1.74050045 -1.76005590 -0.55439681
-1.52260482 -1.63425386 -0.63721544
-1.50478208 -1.62396383 -0.54124045
-1.58565593 -1.67065644 -0.73451275
-1.43616354 -1.58434689 -0.64287150
-1.87036121 -1.83503115 -0.61119539
-1.68829834 -1.72991705 -0.66184467
-1.39819622 -1.56242645 -0.64141327
-1.58286822 -1.66904688 -0.58989459
-1.61341810 -1.68668485 -0.59289950
-1.42725992 -1.57920647 -0.48421723
-1.58808374 -1.67205811 -0.37688696
-1.89081156 -1.84683812 -0.50797862
-1.50450480 -1.62380373 -0.59085405
-1.59250081 -1.67460823 -0.68494201
-1.43391216 -1.58304703 -0.33884144
-1.49117017 -1.61610496 -0.58207417
-1.79183996 -1.78969681 -0.40954351
-1.43656301 -1.58457756 -0.76669073
-2.08562279 -1.95931256 -0.55779964
-1.96938026 -1.89219987 -0.63624704
-1.99064267 -1.90447569 -0.64387476
-1.37445319 -1.54871845 -0.73516238
-1.80906308 -1.79964066 -0.51170278
-1.90440273 -1.85468507 -0.55528951
-1.60943627 -1.68438601 -0.42029929
-1.66384315 -1.71579778 -0.81918710
-1.66059852 -1.71392453 -0.63292098
-1.48061430 -1.61001062 -0.88400310
-1.54784024 -1.64882350 -0.31411371
-1.53482962 -1.64131176 -0.39716986
-1.40130258 -1.56421983 -0.43016204
-1.50449359 -1.62379730 -0.79734474
-1.57426357 -1.66407907 -0.45189834
-2.03746295 -1.93150747 -0.61697412
-1.68566823 -1.72839856 -0.40725914
-1.74215674 -1.76101220 -0.44782516
-1.73419714 -1.75641668 -0.61521620
-1.49388814 -1.61767423 -0.69579548
-1.71629798 -1.74608266 -0.72395670
-1.47204292 -1.60506189 -0.56162375
-1.63157606 -1.69716847 -0.56918454
-1.72880030 -1.75330091 -0.40155324
-1.65282893 -1.70943880 -0.58341885
-1.59476018 -1.67591274 -0.51954865
-1.72783518 -1.75274360 -0.50399154
-1.57702243 -1.66567183 -0.77354872
-1.42146075 -1.57585824 -0.29212949
-1.55579329 -1.65341520 -0.81082082
-1.86326790 -1.83093584 -0.68873274
-1.45591760 -1.59575188 -0.90409482
-1.77321482 -1.77894366 -0.59504807
-1.57576966 -1.66494858 -0.39413527
-1.80290437 -1.79608488 -0.51996648
-1.84904420 -1.82272375 -0.63947076
-1.56270516 -1.65740573 -0.50877684
-1.46754205 -1.60246336 -0.85666108
-1.85016894 -1.82337308 -0.53950828
-1.52739465 -1.63701916 -0.86686677
-1.68750334 -1.72945809 -0.53682989
-1.45041919 -1.59257746 -0.32046336
-1.57120776 -1.66231477 -0.37091383
-1.57292879 -1.66330838 -0.85379845
-2.00260496 -1.91138208 -0.63081825
-1.88127387 -1.84133148 -0.48174709
-1.74556267 -1.76297867 -0.77669561
-1.49438286 -1.61795986 -0.55374843
-1.40879130 -1.56854355 -0.30414319
-1.45265400 -1.59386766 -0.88939035
-1.73230696 -1.75532544 -0.50641185
-1.51815188 -1.63168299 -0.90344900
-1.83744025 -1.81602418 -0.55431414
-1.58211112 -1.66860986 -0.83035600
-1.53733814 -1.64276004 -0.53083056
-1.42054892 -1.57533181 -0.79549873
-1.61079454 -1.68517017 -0.65994811
-1.67297232 -1.72106862 -0.83518028
-1.65935683 -1.71320772 -0.62078977
-1.54134750 -1.64507496 -0.36264044
-1.47252071 -1.60533774 -0.85627335
-1.59751737 -1.67750454 -0.44934437
-1.94700861 -1.87928355 -0.61387902
-1.49539375 -1.61854351 -0.53919572
-1.65458894 -1.71045494 -0.79806423
-1.62731993 -1.69471109 -0.40346387
-1.43062365 -1.58114839 -0.83990455
-1.39688349 -1.56166852 -0.36559376
-2.03477263 -1.92995417 -0.51587534
-1.50721800 -1.62537014 -0.39607370
-1.82682443 -1.80989516 -0.50393152
-1.71837318 -1.74728084 -0.52339447
-1.39325643 -1.55957448 -0.42840898
-1.55827332 -1.65484703 -0.80109650
-1.40198600 -1.56461453 -0.91370249
-1.56061685 -1.65620005 -0.69311130
-1.38638246 -1.55560577 -0.91467255
-2.03079271 -1.92765641 -0.55580389
-1.72584617 -1.75159538 -0.37673113
-1.85366929 -1.82539403 -0.58158237
-1.50355089 -1.62325299 -0.63650793
-1.81641102 -1.80388296 -0.46248129
-2.10987639 -1.97331536 -0.52490312
-2.05945706 -1.94420564 -0.57778066
-1.67444408 -1.72191834 -0.59329158
-1.92969918 -1.86928999 -0.70026779
-1.96088314 -1.88729405 -0.47623670
-1.63562763 -1.69950759 -0.63401037
-1.47478461 -1.60664475 -0.36284113
-2.14040494 -1.99094093 -0.56761283
-2.02299547 -1.92315471 -0.55727309
-1.42259979 -1.57651579 -0.47329006
-1.55864871 -1.65506375 -0.67824632
-1.96859813 -1.89174831 -0.52540606
-1.50891733 -1.62635136 -0.68571299
-1.57658470 -1.66541910 -0.55710202
-1.38448882 -1.55451250 -0.97303277
-1.38709223 -1.55601561 -0.44083837
-1.59167361 -1.67413068 -0.79648912
-1.60455489 -1.68156779 -0.45217511
-1.65210581 -1.70902133 -0.43631944
-1.37029815 -1.54631948 -0.78764755
-1.37341952 -1.54812157 -0.48203540
-1.36937499 -1.54578650 -0.59904712
-1.36731589 -1.54459774 -0.78978539
-1.37159753 -1.54706967 -0.48974517
-1.36977196 -1.54601562 -0.64014506
-1.36626482 -1.54399085 -0.88535053
-1.37040389 -1.54638052 -0.41712862
-1.36723149 -1.54454899 -0.46357638
-1.37012553 -1.54621983 -0.44512334
-1.36878598 -1.54544640 -0.28360897
-1.37611771 -1.54967940 -0.40523997
-1.38336480 -1.55386353 -0.38675547
-1.36976755 -1.54601312 -0.55772859
-1.37897956 -1.55133176 -0.39716795
-1.37789333 -1.55070460 -0.42888784
-1.37285471 -1.54779553 -0.72253424
-1.37017441 -1.54624808 -0.55367911
-1.38346410 -1.55392087 -0.34760630
-1.37217081 -1.54740071 -0.36894518
-1.38371563 -1.55406606 -0.25352362
-1.37969589 -1.55174530 -0.47444785
-1.36938572 -1.54579270 -0.87788761
-1.37618947 -1.54972088 -0.43385080
-1.37561524 -1.54938936 -0.51654565
-1.36773229 -1.54483807 -0.46419418
-1.37163055 -1.54708874 -0.33980876
-1.36727047 -1.54457152 -0.91704786
-1.36770093 -1.54481995 -0.53066236
-1.36968493 -1.54596543 -0.27857670
-1.52185261 -1.28740942 -0.24361023
-1.51838171 -1.28540540 -0.72052759
-1.51561868 -1.28381026 -0.72733247
-1.53216600 -1.29336381 -0.27964044
-1.52269065 -1.28789318 -0.37955076
-1.53054214 -1.29242623 -0.33162695
-1.52311277 -1.28813696 -0.67610848
-1.52355850 -1.28839433 -0.43395874
-1.51947951 -1.28603923 -0.75094438
-1.52807331 -1.29100084 -0.46628812
-1.52222335 -1.28762341 -0.70298594
-1.52908528 -1.29158521 -0.33399966
-1.53171301 -1.29310226 -0.32211801
-1.51963234 -1.28612745 -0.47594783
-1.51852334 -1.28548717 -0.33862484
-1.52146816 -1.28718734 -0.74950349
-1.52869821 -1.29136169 -0.32400876
-1.52146280 -1.28718424 -0.67631549
-1.52002001 -1.28635132 -0.82940435
-1.52844393 -1.29121482 -0.29280448
-1.52092969 -1.28687644 -0.45774314
-1.52736092 -1.29058957 -0.27352062
-1.52755117 -1.29069936 -0.45293748
-1.51895332 -1.28573549 -0.87862056
-1.52230072 -1.28766799 -0.46687263
-1.51701176 -1.28461444 -0.49811164
-1.52404273 -1.28867388 -0.44197968
-1.52189755 -1.28743529 -0.62418038
-1.52217019 -1.28759265 -0.50781661
-1.52233469 -1.28768766 -0.73254031
-1.52702606 -1.29039621 -0.34641731
-1.52845383 -1.29122055 -0.98205024
-1.60250759 -1.33397555 -0.38433257
-1.53391325 -1.29437256 -0.84349823
-2.00273943 -1.56504965 -0.59710729
-1.65714037 -1.36551774 -0.33859664
-1.63053656 -1.35015810 -0.81698328
-1.76450205 -1.42750311 -0.59230363
-1.68345952 -1.38071322 -0.48441640
-2.05642223 -1.59604335 -0.49663937
-1.67284346 -1.37458396 -0.77203012
-2.14299846 -1.64602828 -0.48817587
-1.71042025 -1.39627898 -0.63286275
-1.82853854 -1.46447456 -0.64985436
-2.14169598 -1.64527619 -0.47724938
-1.59112370 -1.32740307 -0.70917416
-1.66120195 -1.36786270 -0.53687423
-1.92244983 -1.51869428 -0.44901827
-2.12513876 -1.63571680 -0.58946848
-1.71083164 -1.39651644 -0.41272080
-1.89336622 -1.50190294 -0.56146723
-1.58879066 -1.32605612 -0.38759965
-1.75942838 -1.42457378 -0.37462950
-1.58478904 -1.32374573 -0.35770649
-1.58410430 -1.32335043 -0.86889333
-1.60025668 -1.33267593 -0.86501718
-1.96603060 -1.54385579 -0.42511526
-1.79617441 -1.44578922 -0.63498199
-1.83798945 -1.46993113 -0.38967168
-1.96885288 -1.54548514 -0.71546304
-1.69927871 -1.38984632 -0.82307374
-1.55460620 -1.30631971 -0.44689241
-1.68017697 -1.37881804 -0.91456038
-1.93624794 -1.52666068 -0.64408338
-2.11829734 -1.63176703 -0.56687349
-1.65033686 -1.36158979 -0.38029379
-1.57568812 -1.31849134 -0.68709224
-1.60956919 -1.33805263 -0.51185644
-1.76132417 -1.42566836 -0.61591130
-1.78445542 -1.43902326 -0.67494869
-1.96894848 -1.54554033 -0.46636429
-1.60313165 -1.33433580 -0.82699174
-1.64583254 -1.35898924 -0.67554814
-1.68812346 -1.38340592 -0.70298392
-1.72113276 -1.40246379 -0.37508652
-1.95217657 -1.53585708 -0.58056343
-2.03434658 -1.58329797 -0.47500914
-1.79277015 -1.44382370 -0.41001746
-1.53210270 -1.29332721 -0.94796664
-1.55018282 -1.30376577 -0.84595931
-1.97504091 -1.54905784 -0.51680291
-1.56987572 -1.31513548 -0.36405849
-1.80952203 -1.45349538 -0.67495352
-1.87894988 -1.49357963 -0.49299565
-1.54883039 -1.30298495 -0.64135158
-1.78077900 -1.43690062 -0.56552690
-2.00833678 -1.56828117 -0.44238031
-1.81223643 -1.45506251 -0.43806365
-2.01442528 -1.57179642 -0.59147692
-2.21410751 -1.68708313 -0.62643248
-2.19234872 -1.67452061 -0.54111385
-2.03527212 -1.58383238 -0.59554648
-1.69038939 -1.38471413 -0.90849876
-1.52870202 -1.29136384 -0.89124548
-1.76131845 -1.42566502 -0.85583723
-1.99400640 -1.56000757 -0.45841381
-1.84581769 -1.47445071 -0.65018696
-1.62170792 -1.34506094 -0.66694260
-1.57946265 -1.32067060 -0.68749267
-1.56789601 -1.31399250 -0.45903391
-1.81596828 -1.45721722 -0.55168271
-1.59354579 -1.32880151 -0.83365142
-1.56742501 -1.31372058 -0.99380368
-1.54132140 -1.29864967 -0.81274396
-1.94937038 -1.53423691 -0.45077953
-1.85638988 -1.48055458 -0.52507704
-1.55980742 -1.30932260 -0.32054582
-1.62725759 -1.34826493 -0.47369215
-1.61102927 -1.33889556 -0.60007656
-1.93661237 -1.52687109 -0.67642480
-1.79958940 -1.44776082 -0.51691520
-1.77555156 -1.43388259 -0.48858720
-1.64560771 -1.35885942 -0.45987707
-1.68711615 -1.38282430 -0.86532199
-2.11092114 -1.62750828 -0.52265984
-2.02779269 -1.57951415 -0.50443673
-1.84276426 -1.47268784 -0.40482578
-1.90894556 -1.51089764 -0.50833559
-2.02545214 -1.57816279 -0.69177806
-1.73159826 -1.40850616 -0.45004597
-1.93332338 -1.52497220 -0.44378221
-1.69749403 -1.38881600 -0.65435582
-1.92833817 -1.52209401 -0.76558954
-1.72033060 -1.40200067 -0.63284343
-1.74835932 -1.41818309 -0.71574879
-1.94702852 -1.53288484 -0.54068047
-1.88965261 -1.49975884 -0.41611314
-1.58835185 -1.32580268 -0.60342360
-1.74459362 -1.41600895 -0.83076304
-2.21010447 -1.68477190 -0.61053705
-1.80114388 -1.44865823 -0.38986605
-1.84179986 -1.47213101 -0.48388454
-1.84285724 -1.47274148 -0.52471238
-2.32118130 -1.74890208 -0.54432917
-2.16971397 -1.66145241 -0.65056163
-2.15701747 -1.65412211 -0.64247644
-1.76259351 -1.42640126 -0.63270456
-1.57143354 -1.31603491 -0.49723545
-1.95774567 -1.53907239 -0.44938633
-1.74568021 -1.41663635 -0.61530197
-1.78870976 -1.44147944 -0.65838426
-1.61814749 -1.34300530 -0.92355877
-1.71722555 -1.40020800 -0.59632868
-1.70641601 -1.39396703 -0.84352201
-1.90520644 -1.50873888 -0.70847553
-1.56851935 -1.31435239 -0.86025035
-1.62280321 -1.34569323 -0.87913984
-1.54758036 -1.30226326 -0.61469191
-1.68702781 -1.38277328 -0.30893117
-1.84991860 -1.47681844 -0.46169555
-1.82355487 -1.46159732 -0.48365116
-1.93514371 -1.52602315 -0.65124172
-1.62375700 -1.34624386 -0.43195564
-1.84422994 -1.47353399 -0.58401072
-2.00894642 -1.56863308 -0.43656349
-1.82153237 -1.46042967 -0.78863984
-1.70789838 -1.39482296 -0.50699472
-1.74759209 -1.41774011 -0.48170912
-1.71281075 -1.39765906 -0.71098608
-1.73208010 -1.40878427 -0.40322733
-1.62639666 -1.34776795 -0.45202011
-1.66151512 -1.36804354 -0.69295365
-1.69953644 -1.38999510 -0.49567670
-2.05456781 -1.59497273 -0.64666682
-1.65850914 -1.36630809 -0.30027935
-1.79625916 -1.44583809 -0.71956462
-1.54366016 -1.29999995 -0.91630316
-1.60551560 -1.33571219 -0.89806414
-1.82040715 -1.45977998 -0.63160390
-1.79195583 -1.44335353 -0.66443032
-1.52647686 -1.29007912 -0.76298732
-1.55772567 -1.30812073 -0.47647193
-1.94531929 -1.53189802 -0.46552125
-1.65023112 -1.36152875 -0.86179507
-2.15867448 -1.65507877 -0.64719671
-1.66217005 -1.36842167 -0.33792529
-1.90039575 -1.50596142 -0.74070156
-2.05496502 -1.59520209 -0.57705772
-1.58251131 -1.32243073 -0.64630622
-1.63861597 -1.35482275 -0.49546644
-1.63778567 -1.35434330 -0.60062635
-1.56342852 -1.31141317 -0.91480744
-1.64008796 -1.35567260 -0.55825806
-1.72855914 -1.40675151 -0.52641785
-1.81393957 -1.45604587 -0.74144799
-1.61477458 -1.34105790 -0.96617627
-2.22907829 -1.69572651 -0.53034669
-1.94524539 -1.53185534 -0.45767218
-1.56789362 -1.31399119 -0.71424526
-1.97274029 -1.54772961 -0.72612643
-2.01936412 -1.57464790 -0.43956542
-1.86248875 -1.48407578 -0.79988557
-2.07340837 -1.60585034 -0.55325431
-1.58680356 -1.32490885 -0.62987286
-1.91335523 -1.51344359 -0.57283539
-2.00585938 -1.56685090 -0.65283710
-1.65744853 -1.36569571 -0.39121729
-1.64597535 -1.35907173 -0.87845474
-1.56827235 -1.31420982 -0.55590773
-2.16449165 -1.65843725 -0.53209281
-1.68872023 -1.38375044 -0.37615737
-1.57392669 -1.31747437 -0.50396007
-1.82556820 -1.46275973 -0.43218732
-1.83588850 -1.46871805 -0.76750469
-1.79799581 -1.44684076 -0.54559022
-2.05863452 -1.59732056 -0.58937955
-1.61092770 -1.33883691 -0.29076955
-1.97302210 -1.54789221 -0.51589900
-1.91406953 -1.51385593 -0.60616666
-2.25319648 -1.70965111 -0.59633297
-2.06294227 -1.59980774 -0.65734118
-2.23699212 -1.70029545 -0.59916037
-2.07346010 -1.60588014 -0.45666558
-1.70373356 -1.39241838 -0.74012828
-2.25753212 -1.71215415 -0.57597816
-1.56122935 -1.31014347 -0.91770881
-1.53660178 -1.29592478 -0.90258265
-1.75364530 -1.42123497 -0.67878485
-1.60569787 -1.33581746 -0.38207299
-1.57393205 -1.31747746 -0.94072384
-1.86358476 -1.48470855 -0.47824365
-1.69999433 -1.39025950 -0.88071698
-1.73609352 -1.41110146 -0.66254264
-2.00201869 -1.56463337 -0.58931255
-1.60636377 -1.33620191 -0.31785503
-1.94604909 -1.53231943 -0.76700372
-1.59673429 -1.33064234 -0.52164406
-1.93452382 -1.52566528 -0.46214542
-2.12706184 -1.63682711 -0.61311096
-1.58789957 -1.32554162 -0.30150744
-1.76451302 -1.42750943 -0.41766211
-1.97282982 -1.54778123 -0.72519886
-1.55368495 -1.30578780 -0.58095521
-1.81064892 -1.45414603 -0.80069900
-1.65128231 -1.36213565 -0.67714590
-1.65455747 -1.36402655 -0.48021650
-1.84154058 -1.47198129 -0.46812397
-1.96031356 -1.54055500 -0.68425417
-1.65267611 -1.36294043 -0.77900046
-1.61688006 -1.34227347 -0.44871470
-1.57100654 -1.31578839 -0.74850297
-1.90116262 -1.50640416 -0.67711622
-1.70355606 -1.39231598 -0.39072487
-1.88585997 -1.49756908 -0.52387869
-1.57305384 -1.31697035 -0.91584635
-1.95277691 -1.53620374 -0.46020496
-2.01813745 -1.57393956 -0.73278421
-1.89747953 -1.50427771 -0.57623404
-1.88683927 -1.49813449 -0.78724229
-1.55928218 -1.30901933 -0.40260395
-1.58035934 -1.32118821 -0.91736567
-1.83484483 -1.46811557 -0.82497102
-2.20948887 -1.68441653 -0.55616540
-1.76197398 -1.42604351 -0.41209945
-1.95857930 -1.53955364 -0.43660009
-1.57282412 -1.31683779 -0.47041768
-2.05439162 -1.59487104 -0.45496094
-2.28444481 -1.72769237 -0.56130898
-1.75640655 -1.42282915 -0.53798425
-1.80716872 -1.45213675 -0.44451210
-1.55696094 -1.30767918 -0.41584104
-1.56115437 -1.31010020 -0.99055094
-2.00101662 -1.56405485 -0.49714810
-2.13358855 -1.64059532 -0.51954448
-1.60373235 -1.33468270 -0.86789197
-1.81623185 -1.45736933 -0.79220259
-2.00390911 -1.56572497 -0.66181648
-2.18821311 -1.67213285 -0.62695330
-1.54666841 -1.30173671 -0.45845199
-1.63486445 -1.35265672 -0.82773310
-1.74696887 -1.41738033 -0.41009286
-1.54805493 -1.30253732 -0.51908636
-2.18809175 -1.67206275 -0.54638612
-1.72006249 -1.40184593 -0.75816280
-1.65622628 -1.36499000 -0.62865561
-1.78827846 -1.44123042 -0.60685444
-1.60684812 -1.33648157 -0.91435260
-1.88170433 -1.49516988 -0.42907467
-1.59424627 -1.32920587 -0.69672418
-1.60850012 -1.33743536 -0.95908397
-1.90053701 -1.50604296 -0.61847651
-1.58388388 -1.32322311 -0.67374599
-1.60700691 -1.33657324 -0.87280637
-1.86578631 -1.48597968 -0.65688598
-2.08557391 -1.61287415 -0.63070273
-1.64905369 -1.36084902 -0.45912799
-1.75815129 -1.42383647 -0.36873487
-2.00225520 -1.56476998 -0.42566532
-1.66531289 -1.37023616 -0.32726642
-1.56049025 -1.30971682 -0.63597918
-1.70862806 -1.39524424 -0.51489216
-2.18463230 -1.67006540 -0.57411826
-1.98381412 -1.55412304 -0.73773682
-1.83850646 -1.47022963 -0.53133696
-1.67951095 -1.37843347 -0.42820176
-1.66419840 -1.36959279 -0.75039011
-1.67497003 -1.37581182 -0.68852019
-1.59520459 -1.32975912 -0.55643851
-1.55090547 -1.30418301 -0.68490440
-1.83302903 -1.46706724 -0.60772598
-2.17208529 -1.66282153 -0.58725709
-1.71550572 -1.39921498 -0.54089397
-1.69237339 -1.38585961 -0.71988761
-1.61361253 -1.34038699 -0.34287396
-1.60580432 -1.33587897 -0.64169967
-1.70261276 -1.39177132 -0.70068049
-1.53402114 -1.29443479 -0.66739547
-1.61988521 -1.34400856 -0.72255826
-1.76457715 -1.42754650 -0.82954556
-1.97119665 -1.54683840 -0.71683919
-1.58780491 -1.32548702 -0.39430922
-1.59782970 -1.33127475 -0.89407849
-1.69493234 -1.38733697 -0.57323921
-1.71350288 -1.39805865 -0.72505641
-1.73956609 -1.41310632 -0.33320978
-1.65780175 -1.36589968 -0.43239415
-1.59557319 -1.32997191 -0.94993740
-1.84376788 -1.47326732 -0.65857267
-1.84331656 -1.47300673 -0.53448850
-1.89424241 -1.50240874 -0.72131824
-2.21614027 -1.68825662 -0.50271374
-1.64387596 -1.35785961 -0.81058824
-1.92379880 -1.51947308 -0.75782371
-2.00414109 -1.56585884 -0.61363095
-1.59876430 -1.33181441 -0.40977886
-1.59302771 -1.32850230 -0.89683050
-2.20808983 -1.68360877 -0.53553230
-1.71264410 -1.39756286 -0.50099111
-1.65586495 -1.36478150 -0.80362070
-1.81427765 -1.45624113 -0.42746410
-1.79020178 -1.44234085 -0.55193555
-1.97665739 -1.54999113 -0.50475103
-1.97051907 -1.54644716 -0.75485975
-1.56521690 -1.31244576 -0.84410590
-1.56427777 -1.31190348 -0.60936934
-1.81606305 -1.45727181 -0.45736966
-1.89617372 -1.50352383 -0.57855111
-1.66584909 -1.37054574 -0.41997784
-1.98440838 -1.55446613 -0.62891167
-1.83367717 -1.46744144 -0.76050007
-2.08989596 -1.61536932 -0.46652189
-1.66385424 -1.36939406 -0.44352847
-1.67103887 -1.37354207 -0.62873787
-2.30835485 -1.74149680 -0.55197090
-1.95415819 -1.53700113 -0.43041599
-1.64136159 -1.35640800 -0.72422594
-1.65900791 -1.36659610 -0.59504735
-1.75677633 -1.42304265 -0.64478093
-1.75457191 -1.42176998 -0.39779598
-1.64539802 -1.35873830 -0.64451575
-2.23193240 -1.69737434 -0.53240091
-1.84523928 -1.47411680 -0.44944584
-1.86945975 -1.48810053 -0.50173980
-1.79697418 -1.44625092 -0.46630836
-2.03526735 -1.58382952 -0.56809187
-1.63911355 -1.35511005 -0.87963700
-1.59357989 -1.32882106 -0.64281690
-1.62592101 -1.34749329 -0.87700778
-1.56204557 -1.31061471 -0.46800163
-1.81648231 -1.45751393 -0.50468904
-1.89486086 -1.50276589 -0.60192728
-1.74976826 -1.41899657 -0.57965738
-1.86345470 -1.48463345 -0.62415045
-2.03830981 -1.58558619 -0.66490620
-1.71677697 -1.39994895 -0.48287436
-2.19013691 -1.67324364 -0.50059998
-1.56059945 -1.30977976 -0.51462501
-2.08195877 -1.61078691 -0.68438733
-2.02876282 -1.58007419 -0.70951796
-1.91164625 -1.51245689 -0.58240271
-1.75491774 -1.42196965 -0.34334281
-2.07320786 -1.60573447 -0.65357488
-1.96244609 -1.54178619 -0.68219227
-1.53174698 -1.29312181 -0.96518791
-1.85185134 -1.47793424 -0.75248653
-1.62935209 -1.34947419 -0.64521295
-1.94935489 -1.53422797 -0.76772684
-1.82285511 -1.46119332 -0.41634205
-1.73353541 -1.40962458 -0.79245740
-1.56542087 -1.31256354 -0.32136759
-1.65227747 -1.36271024 -0.77121371
-1.98360217 -1.55400062 -0.74822867
-1.70458591 -1.39291048 -0.37556604
-1.57627094 -1.31882787 -0.60776758
-1.65115368 -1.36206138 -0.50934178
-1.52905715 -1.29156888 -0.61462033
-1.72091496 -1.40233815 -0.67971796
-1.90560412 -1.50896847 -0.59324479
-1.55738354 -1.30792320 -0.48600912
-1.68773067 -1.38317919 -0.72043443
-1.54930210 -1.30325735 -0.80913520
-1.89848268 -1.50485682 -0.68161011
-1.58770859 -1.32543135 -0.44484454
-1.69480944 -1.38726604 -0.83876395
-1.59677815 -1.33066761 -0.27868626
-1.58916032 -1.32626951 -0.69970971
-1.86736214 -1.48688948 -0.50011784
-1.77839458 -1.43552399 -0.79520100
-1.84297144 -1.47280753 -0.41293073
-1.74412107 -1.41573620 -0.40380809
-1.89314568 -1.50177562 -0.43954888
-1.73510849 -1.41053271 -0.42677718
-2.06233978 -1.59945989 -0.45823449
-1.95543933 -1.53774083 -0.44248590
-1.90224767 -1.50703061 -0.61300123
-1.96682334 -1.54431343 -0.60772628
-2.10304117 -1.62295890 -0.62888747
-1.73494375 -1.41043758 -0.89129692
-1.84281051 -1.47271454 -0.57729310
-1.61751652 -1.34264100 -0.33369550
-1.96288288 -1.54203844 -0.46319255
-1.72035801 -1.40201652 -0.71136898
-1.55830538 -1.30845535 -0.57294226
-1.74880862 -1.41844249 -0.34834573
-1.64443457 -1.35818207 -0.67142981
-1.56279302 -1.31104624 -0.45525995
-1.60032880 -1.33271766 -0.79920810
-1.81279421 -1.45538461 -0.54296505
-1.67944527 -1.37839556 -0.38901189
-2.12102079 -1.63333941 -0.50720441
-1.57185805 -1.31628001 -0.32574725
-1.52966130 -1.29191768 -0.56904310
-2.24018025 -1.70213604 -0.56225276
-1.70988882 -1.39597213 -0.87343657
-2.21498132 -1.68758750 -0.55811125
-1.54331172 -1.29979873 -0.30076888
-1.78529382 -1.43950725 -0.41062054
-2.05649304 -1.59608436 -0.62390637
-1.90947640 -1.51120412 -0.73326260
-1.90428650 -1.50820780 -0.63579118
-2.01666594 -1.57309008 -0.67750388
-2.05035138 -1.59253836 -0.53235918
-1.71886528 -1.40115464 -0.52060348
-1.88593638 -1.49761331 -0.46643731
-1.52474213 -1.28907764 -0.92566180
-1.77415705 -1.43307745 -0.59180194
-2.01831293 -1.57404089 -0.51479322
-1.99711478 -1.56180215 -0.58650041
-1.64236271 -1.35698593 -0.57772130
-1.62542987 -1.34720969 -0.80627811
-1.77971017 -1.43628347 -0.69316441
-1.57320046 -1.31705499 -0.27357149
-1.95043349 -1.53485072 -0.43395165
-1.57563388 -1.31845999 -0.82139164
-1.63928878 -1.35521114 -0.93811780
-2.08037615 -1.60987318 -0.53587216
-1.97627413 -1.54976976 -0.65032160
-1.81457806 -1.45641458 -0.51095170
-2.07439303 -1.60641885 -0.67043519
-1.55001760 -1.30367041 -0.40122727
-1.57913172 -1.32047951 -0.60872728
-2.31996608 -1.74820054 -0.54317868
-1.60084510 -1.33301568 -0.28990203
-1.99636126 -1.56136715 -0.59446806
-1.80736017 -1.45224726 -0.63784838
-1.85268617 -1.47841632 -0.54043233
-1.58545649 -1.32413101 -0.81059688
-2.15439272 -1.65260673 -0.54327369
-1.77818894 -1.43540525 -0.35514364
-1.76778829 -1.42940044 -0.39735982
-1.61787879 -1.34285009 -0.76219422
-1.85541391 -1.47999108 -0.74953270
-1.89344990 -1.50195122 -0.50316072
-1.99931467 -1.56307232 -0.51440597
-1.88569701 -1.49747503 -0.64521104
-1.79909706 -1.44747663 -0.78053868
-2.09473658 -1.61816406 -0.47097358
-1.56055212 -1.30975258 -0.94543809
-1.57932723 -1.32059240 -0.44210568
-1.90525734 -1.50876820 -0.71096194
-2.29158735 -1.73181617 -0.54347825
-1.52998734 -1.29210591 -0.85219830
-1.80490303 -1.45082867 -0.65719730
-1.79194772 -1.44334888 -0.80697626
-1.54581487 -1.30124402 -0.53352576
-2.03981066 -1.58645260 -0.65542078
-2.17676783 -1.66552496 -0.50790524
-2.10220551 -1.62247646 -0.47008166
-1.62062359 -1.34443486 -0.75627118
-1.59893012 -1.33191001 -0.74432123
-1.62868881 -1.34909129 -0.42283753
-1.63007569 -1.34989202 -0.92024249
-1.73434806 -1.41009367 -0.77433598
-1.82080054 -1.46000707 -0.76136386
-1.66190755 -1.36827016 -0.76624209
-1.91910839 -1.51676524 -0.42843771
-1.55086100 -1.30415738 -0.62704968
-2.21991515 -1.69043601 -0.56176883
-1.83098996 -1.46588993 -0.60864455
-2.02555633 -1.57822299 -0.48481202
-2.22384906 -1.69270730 -0.61669952
-1.74070334 -1.41376293 -0.40556291
-1.89353538 -1.50200057 -0.71275300
-1.81279325 -1.45538402 -0.63952023
-1.56410801 -1.31180549 -0.35407147
-1.56171513 -1.31042397 -0.73391724
-1.93880582 -1.52813745 -0.56901431
-1.56853747 -1.31436288 -0.95504487
-2.15339756 -1.65203214 -0.61731893
-1.78560126 -1.43968475 -0.37044337
-2.02627826 -1.57863975 -0.56726265
-1.58603358 -1.32446420 -0.50597596
-2.14087725 -1.64480352 -0.59243828
-1.78191066 -1.43755400 -0.41442776
-1.60403657 -1.33485830 -0.47433469
-1.56499267 -1.31231630 -0.82895261
-2.16258812 -1.65733838 -0.61321878
-1.69310403 -1.38628137 -0.79224426
-1.73655844 -1.41136992 -0.36470324
-1.60929954 -1.33789682 -0.36145824
-1.73826480 -1.41235507 -0.63949323
-1.63153028 -1.35073173 -0.70341027
-1.98258507 -1.55341339 -0.45018077
-2.18493366 -1.67023945 -0.56367821
-2.06449056 -1.60070157 -0.49299642
-1.59704733 -1.33082306 -0.89950871
-1.97637463 -1.54982781 -0.62480021
-1.79429162 -1.44470215 -0.69729418
-1.83258486 -1.46681070 -0.45573995
-1.86213779 -1.48387325 -0.41146487
-1.57635665 -1.31887734 -0.78676862
-1.64957809 -1.36115170 -0.39274356
-1.53198481 -1.29325926 -0.65524322
-1.83167398 -1.46628487 -0.61396551
-1.60997975 -1.33828962 -0.75534260
-2.11820126 -1.63171160 -0.54499549
-2.07617688 -1.60744870 -0.62144029
-1.62976599 -1.34971321 -0.55168885
-1.89398372 -1.50225937 -0.67590308
-2.10296011 -1.62291193 -0.52652425
-1.82169330 -1.46052253 -0.53151286
-1.57220876 -1.31648242 -0.63108540
-1.54212224 -1.29911196 -0.98170924
-1.53588963 -1.29551363 -0.92029268
-1.67935205 -1.37834179 -0.88035816
-1.71522713 -1.39905417 -0.89969772
-1.93440664 -1.52559757 -0.65275288
-1.72206676 -1.40300310 -0.86271155
-1.58988500 -1.32668793 -0.97661388
-1.62418401 -1.34649038 -0.81961304
-1.63086164 -1.35034573 -0.91704023
-1.85728979 -1.48107421 -0.81603432
-1.83719373 -1.46947169 -0.72167140
-2.15792847 -1.65464795 -0.54371136
-2.13196254 -1.63965666 -0.57537764
-1.91538632 -1.51461625 -0.74169272
-2.07949066 -1.60936201 -0.59622258
-1.95021498 -1.53472459 -0.54167950
-1.71913445 -1.40131009 -0.90218043
-1.69404399 -1.38682413 -0.69082481
-1.69019473 -1.38460171 -0.80856329
-1.79486883 -1.44503534 -0.75648761
-1.55722630 -1.30783236 -0.43785506
-2.06468701 -1.60081506 -0.66392577
-1.81536746 -1.45687020 -0.57396823
-1.78314877 -1.43826878 -0.48307887
-1.95150828 -1.53547120 -0.65775347
-1.58091462 -1.32150888 -0.98281962
-1.72794998 -1.40639973 -0.74175805
-2.16301990 -1.65758753 -0.63754016
-1.63094711 -1.35039508 -0.73795730
-1.61111951 -1.33894765 -0.72348994
-1.66485357 -1.36997104 -0.85940409
-1.54769385 -1.30232882 -0.81966561
-1.79159057 -1.44314265 -0.56765318
-1.88544655 -1.49733055 -0.62694323
-1.73440778 -1.41012824 -0.40448666
-1.79966390 -1.44780385 -0.41138741
-1.79504585 -1.44513762 -0.38550854
-1.79690385 -1.44621027 -0.44927773
-1.64493287 -1.35846984 -0.31178778
-1.91431534 -1.51399791 -0.41323915
-1.71607161 -1.39954174 -0.37608901
-2.01369286 -1.57137346 -0.60947955
-1.57473493 -1.31794095 -0.88835144
-2.05813599 -1.59703290 -0.55553550
-2.23645735 -1.69998670 -0.57457960
-2.01292562 -1.57093060 -0.55824393
-2.08901596 -1.61486137 -0.50275403
-1.79181170 -1.44327033 -0.70413589
-1.68845963 -1.38360000 -0.37556687
-1.66096282 -1.36772466 -0.63847667
-1.72793257 -1.40638971 -0.40252712
-1.67219281 -1.37420833 -0.51882899
-1.97149050 -1.54700804 -0.47545999
-2.10400462 -1.62351501 -0.63809371
-1.57247043 -1.31663358 -0.98265457
-2.04222679 -1.58784759 -0.71882296
-1.59793603 -1.33133614 -0.46898094
-1.58513057 -1.32394290 -0.73531753
-1.81439734 -1.45631015 -0.56700355
-2.23787975 -1.70080793 -0.51525193
-2.07612205 -1.60741699 -0.66325223
-2.10373616 -1.62336004 -0.47232214
-1.56953800 -1.31494057 -0.78268248
-2.31455517 -1.74507654 -0.54936951
-2.16540790 -1.65896630 -0.51596510
-1.70567095 -1.39353693 -0.76887256
-2.10650992 -1.62496161 -0.47157463
-1.74049950 -1.41364527 -0.57249165
-2.04647541 -1.59030056 -0.51803732
-2.27512145 -1.72230947 -0.53543192
-1.55611145 -1.30718875 -0.78966737
-2.18311167 -1.66918755 -0.52612388
-1.62636375 -1.34774888 -0.56134564
-1.76923490 -1.43023562 -0.59661347
-2.15291715 -1.65175486 -0.55880487
-1.87570763 -1.49170768 -0.49473035
-1.77731454 -1.43490040 -0.50557530
-1.58560956 -1.32421947 -0.42321262
-1.55559599 -1.30689108 -0.62798578
-1.74718392 -1.41750443 -0.53463447
-2.16286755 -1.65749955 -0.48932171
-1.62510669 -1.34702313 -0.37198132
-2.13343692 -1.64050782 -0.64460218
-1.86825144 -1.48740292 -0.53894985
-2.09998369 -1.62119353 -0.57958949
-1.81060779 -1.45412230 -0.39238381
-1.99927831 -1.56305134 -0.67333388
-2.08480287 -1.61242890 -0.65412790
-1.59214783 -1.32799435 -0.56392127
-1.83302069 -1.46706235 -0.62171549
-1.68618655 -1.38228762 -0.78740680
-2.04496646 -1.58942938 -0.64471638
-2.06497526 -1.60098147 -0.68834567
-1.96325672 -1.54225421 -0.41545612
-1.65793669 -1.36597753 -0.89330447
-1.84152520 -1.47197247 -0.69823158
-1.69504440 -1.38740170 -0.54456228
-1.78450954 -1.43905437 -0.68875557
-1.61702847 -1.34235919 -0.84651423
-1.58752644 -1.32532620 -0.61688608
-2.15472245 -1.65279710 -0.54533994
-2.10665512 -1.62504530 -0.48241985
-1.78943956 -1.44190085 -0.67457813
-1.87134719 -1.48919022 -0.81156743
-1.90646839 -1.50946748 -0.50372547
-1.87348282 -1.49042320 -0.57867140
-1.87785411 -1.49294698 -0.73542058
-1.81182635 -1.45482576 -0.59701192
-1.79468203 -1.44492757 -0.46977887
-2.07110262 -1.60451913 -0.63171273
-1.58992052 -1.32670844 -0.86415118
-1.54083669 -1.29836977 -0.92681241
-1.70807517 -1.39492500 -0.85393071
-1.53272498 -1.29368651 -0.70827013
-1.74554014 -1.41655540 -0.43367308
-1.55482209 -1.30644429 -0.98970956
-1.87614095 -1.49195790 -0.61958402
-1.78396595 -1.43874061 -0.63735467
-1.65313005 -1.36320245 -0.41053200
-1.54525220 -1.30091918 -0.38503695
-1.76192641 -1.42601609 -0.59003961
-2.10542154 -1.62433314 -0.49802542
-1.75270569 -1.42069244 -0.84254962
-2.00583482 -1.56683671 -0.60134828
-1.82991958 -1.46527195 -0.81378222
-1.69148958 -1.38534927 -0.64986014
-2.21169615 -1.68569076 -0.54477388
-1.95431530 -1.53709185 -0.66566271
-1.55383313 -1.30587327 -0.38201022
-1.55812168 -1.30834937 -0.28961098
-1.83249199 -1.46675718 -0.36817488
-1.67246008 -1.37436259 -0.42570448
-1.72922695 -1.40713704 -0.46458513
-2.03562737 -1.58403742 -0.54920256
-1.58111107 -1.32162225 -0.38567221
-1.55915046 -1.30894327 -0.31899825
-1.68224061 -1.38000941 -0.61364889
-1.99355257 -1.55974555 -0.54492259
-1.57287633 -1.31686795 -0.84905964
-1.99440396 -1.56023705 -0.60683674
-1.72270477 -1.40337145 -0.80369079
-2.18320465 -1.66924119 -0.49030122
-1.80761075 -1.45239198 -0.53200102
-1.82703459 -1.46360624 -0.47336793
-1.70133197 -1.39103186 -0.38672203
-1.92200077 -1.51843512 -0.43056941
-1.67193162 -1.37405753 -0.44473636
-1.93108141 -1.52367783 -0.52150673
-2.12086034 -1.63324666 -0.67434657
-1.57727230 -1.31940591 -0.49629322
-1.91681159 -1.51543903 -0.59788030
-1.71352303 -1.39807034 -0.47962886
-1.78905022 -1.44167602 -0.63059664
-1.53995514 -1.29786086 -0.28715703
-2.09762907 -1.61983418 -0.48042315
-1.88524139 -1.49721205 -0.64006597
-1.79104710 -1.44282889 -0.84573394
-1.87773311 -1.49287713 -0.66132635
-1.97215295 -1.54739046 -0.73225409
-1.67576170 -1.37626886 -0.74196333
-1.65885675 -1.36650872 -0.81665069
-1.84579492 -1.47443759 -0.80192399
-1.56444538 -1.31200027 -0.30283821
-2.12355018 -1.63479972 -0.51072735
-1.63267672 -1.35139370 -0.71418983
-1.68763852 -1.38312590 -0.37074700
-1.72780824 -1.40631795 -0.44170138
-1.92384517 -1.51949990 -0.68749386
-1.77592361 -1.43409729 -0.82059586
-1.99426556 -1.56015718 -0.66076124
-1.65356350 -1.36345267 -0.77883887
-2.05841208 -1.59719229 -0.64859408
-1.86993003 -1.48837197 -0.46979418
-2.23333907 -1.69818640 -0.55897933
-1.78248203 -1.43788385 -0.49835676
-1.74301231 -1.41509604 -0.73511267
-1.70383883 -1.39247918 -0.67596257
-1.58106661 -1.32159662 -0.34753835
-1.62375367 -1.34624195 -0.43598658
-1.53273654 -1.29369318 -0.97483945
-1.61457133 -1.34094048 -0.83846712
-1.94081986 -1.52930021 -0.47065982
-1.72240734 -1.40319967 -0.42250013
-1.56683791 -1.31338155 -0.66243058
-2.20886183 -1.68405449 -0.58131474
-2.01198125 -1.57038546 -0.42681125
-1.76326621 -1.42678964 -0.62011874
-1.72822309 -1.40655744 -0.54642886
-1.94453287 -1.53144395 -0.59108686
-2.00470090 -1.56618202 -0.68776584
-1.62711084 -1.34818017 -0.60736603
-1.82773101 -1.46400833 -0.43537387
-1.90999734 -1.51150489 -0.72490376
-1.53457308 -1.29475355 -0.70601362
-1.52487147 -1.28915226 -0.78785050
-1.74262822 -1.41487420 -0.65673703
-1.85557675 -1.48008513 -0.69516098
-1.59542930 -1.32988882 -0.69394416
-2.08883262 -1.61475563 -0.48760670
-1.93665195 -1.52689397 -0.41596746
-1.67456245 -1.37557650 -0.92647827
-1.64808202 -1.36028790 -0.71332347
-1.87799549 -1.49302852 -0.80055833
-1.92329824 -1.51918411 -0.50586712
-1.77784812 -1.43520844 -0.64095694
-2.16844535 -1.66071999 -0.58684611
-1.81537330 -1.45687366 -0.54661715
-1.63409543 -1.35221279 -0.74831206
-2.19911075 -1.67842472 -0.53138006
-1.89775121 -1.50443459 -0.47261465
-1.86643219 -1.48635256 -0.63871992
-1.52497327 -1.28921103 -0.98334181
-1.66322732 -1.36903214 -0.39593875
-2.06173611 -1.59911132 -0.61072981
-1.97335541 -1.54808474 -0.54915404
-1.88825393 -1.49895132 -0.75252324
-1.70717883 -1.39440751 -0.90566391
-1.69492364 -1.38733196 -0.76992124
-1.63318920 -1.35168958 -0.31813264
-1.59415853 -1.32915521 -0.76792705
-1.68894958 -1.38388288 -0.66901904
-1.55662501 -1.30748522 -0.71527016
-1.54193819 -1.29900575 -0.74990690
-1.56225562 -1.31073606 -0.84302896
-1.54295599 -1.29959345 -0.47121358
-1.88266194 -1.49572277 -0.54098022
-1.98619461 -1.55549741 -0.49195501
-1.63849056 -1.35475039 -0.37883568
-1.57648695 -1.31895256 -0.48851737
-1.65591538 -1.36481059 -0.76681709
-1.53083348 -1.29259443 -0.87612265
-1.79103863 -1.44282401 -0.62296611
-2.06639600 -1.60180175 -0.47924724
-1.60859931 -1.33749259 -0.69113034
-1.90274966 -1.50732040 -0.77604014
-1.72625685 -1.40542221 -0.40988261
-1.68292224 -1.38040304 -0.73480773
-1.73573291 -1.41089320 -0.42988962
-1.53111887 -1.29275930 -0.82215035
-1.55886018 -1.30877566 -0.40340576
-1.82442713 -1.46210086 -0.53669441
-1.68493295 -1.38156378 -0.71740007
-1.92191827 -1.51838744 -0.66160655
-1.61391687 -1.34056270 -0.66916752
-1.53759193 -1.29649639 -0.95203149
-1.84669483 -1.47495711 -0.51974553
-1.67014325 -1.37302494 -0.39984992
-1.93187535 -1.52413619 -0.56405544
-1.76618481 -1.42847466 -0.82241261
-1.95233822 -1.53595042 -0.61746514
-1.83545840 -1.46846974 -0.38969874
-1.57909286 -1.32045710 -0.98768097
-2.31249380 -1.74388647 -0.55951279
-2.07094979 -1.60443079 -0.52905560
-1.84263515 -1.47261322 -0.81475145
-2.10078621 -1.62165689 -0.50245845
-2.01155949 -1.57014179 -0.63470191
-1.76129818 -1.42565334 -0.81748760
-1.53320849 -1.29396570 -0.42826656
-2.28544092 -1.72826731 -0.54501629
-2.07255888 -1.60535991 -0.49335986
-1.55046296 -1.30392754 -0.88347626
-1.96063066 -1.54073811 -0.59109896
-1.65389049 -1.36364150 -0.79602218
-1.59646833 -1.33048880 -0.71414775
-1.70805931 -1.39491594 -0.85790873
-1.74858415 -1.41831291 -0.42124248
-1.85267365 -1.47840905 -0.45712030
-1.76910281 -1.43015933 -0.36045080
-1.83424592 -1.46776974 -0.43790177
-1.88239324 -1.49556768 -0.65513295
-1.53613925 -1.29565775 -0.42950398
-1.96178913 -1.54140687 -0.54169023
-1.65851426 -1.36631095 -0.51790988
-1.91272080 -1.51307726 -0.65686709
-1.69501579 -1.38738513 -0.67927450
-2.24075055 -1.70246542 -0.55913585
-1.69535887 -1.38758326 -0.83130443
-1.62388074 -1.34631538 -0.60079378
-2.18470311 -1.67010641 -0.51595801
-1.55657268 -1.30745494 -0.93556172
-1.60127521 -1.33326399 -0.50752795
-1.70251048 -1.39171231 -0.42701539
-1.53109753 -1.29274690 -0.58143616
-1.95896971 -1.53977919 -0.73893654
-1.63700998 -1.35389555 -0.45424309
-1.65419567 -1.36381769 -0.55575675
-1.65232253 -1.36273623 -0.42640480
-1.80241656 -1.44939303 -0.80228484
-1.79567528 -1.44550097 -0.61769110
-1.81064439 -1.45414340 -0.65481263
-1.77362752 -1.43277168 -0.67477602
-2.13160348 -1.63944924 -0.54514760
-1.95149410 -1.53546309 -0.64867043
-1.65604722 -1.36488664 -0.54477525
-1.80388248 -1.45023942 -0.85259026
-2.15221977 -1.65135217 -0.62278730
-1.83973730 -1.47094023 -0.72592956
-1.99070847 -1.55810344 -0.55873722
-1.83807003 -1.46997762 -0.51682407
-1.82005680 -1.45957768 -0.48256212
-1.68390298 -1.38096917 -0.33879027
-1.53160262 -1.29303849 -0.88979983
-2.02909851 -1.58026791 -0.64588964
-1.73360586 -1.40966523 -0.45061168
-1.72904003 -1.40702915 -0.77099341
-1.54958022 -1.30341792 -0.39898774
-1.63864315 -1.35483837 -0.57516819
-1.73584843 -1.41095996 -0.60385305
-1.68860483 -1.38368380 -0.70962399
-1.76904047 -1.43012333 -0.45532650
-1.58889449 -1.32611597 -0.61458731
-1.67700577 -1.37698710 -0.60285509
-1.87944078 -1.49386299 -0.66161138
-2.02117229 -1.57569170 -0.62518686
-1.67825091 -1.37770593 -0.68984807
-1.65121043 -1.36209416 -0.77883565
-1.79215693 -1.44346964 -0.53942585
-1.75314069 -1.42094362 -0.77983308
-1.71100008 -1.39661372 -0.81651676
-1.79792714 -1.44680107 -0.36001381
-2.03516245 -1.58376908 -0.50337678
-2.13027430 -1.63868189 -0.57550567
-1.73356986 -1.40964448 -0.40649593
-1.70393586 -1.39253521 -0.85769308
-1.76432872 -1.42740309 -0.37561092
-2.23059440 -1.69660175 -0.54228175
-1.56380224 -1.31162894 -0.79831260
-1.58224857 -1.32227898 -0.91300160
-1.68682563 -1.38265657 -0.73301655
-1.96758568 -1.54475355 -0.51280975
-1.62094140 -1.34461832 -0.52272326
-2.12020659 -1.63286924 -0.64741158
-1.66909671 -1.37242079 -0.55310738
-2.08923292 -1.61498654 -0.62318295
-1.64352274 -1.35765564 -0.85552776
-1.94086933 -1.52932882 -0.43969885
-1.63021946 -1.34997499 -0.91403610
-1.60451126 -1.33513236 -0.82241887
-2.20828772 -1.68372285 -0.50558889
-2.18173552 -1.66839302 -0.62396783
-1.59430850 -1.32924175 -0.73050123
-2.08225703 -1.61095905 -0.45724201
-1.74932480 -1.41874051 -0.52586555
-1.80532134 -1.45107019 -0.85791880
-1.82350230 -1.46156693 -0.41207549
-1.84881449 -1.47618091 -0.51622045
-1.54356623 -1.29994571 -0.95794523
-1.60743523 -1.33682048 -0.73533618
-1.90071070 -1.50614321 -0.66524041
-1.65956366 -1.36691689 -0.55786705
-1.81135631 -1.45455444 -0.79574072
-1.55457091 -1.30629933 -0.64511913
-1.73548281 -1.41074884 -0.57514387
-1.75120091 -1.41982365 -0.54508990
-1.98748851 -1.55624437 -0.48333627
-1.70974517 -1.39588916 -0.52252907
-2.03779936 -1.58529139 -0.51816541
-2.15367627 -1.65219295 -0.49085230
-1.62195742 -1.34520495 -0.32438594
-1.72144377 -1.40264332 -0.82924175
-1.55631781 -1.30730784 -0.53982300
-1.83536720 -1.46841717 -0.57893556
-1.56574655 -1.31275153 -0.33922610
-1.81167722 -1.45473969 -0.53943682
-1.93112373 -1.52370226 -0.45247895
-1.53663194 -1.29594219 -0.38919103
-2.04189777 -1.58765769 -0.54973626
-1.72851622 -1.40672672 -0.65270716
-1.87812114 -1.49310112 -0.45947692
-1.67284060 -1.37458241 -0.58485365
-1.93456161 -1.52568710 -0.56174165
-1.74880612 -1.41844106 -0.36159888
-1.92719090 -1.52143157 -0.72125179
-1.73294020 -1.40928078 -0.75749296
-1.54038954 -1.29811168 -0.58584642
-1.87272763 -1.48998725 -0.45299387
-1.97608531 -1.54966080 -0.52490377
-1.86706841 -1.48671985 -0.61807626
-1.87499177 -1.49129438 -0.53042102
-2.14068580 -1.64469290 -0.65791720
-1.84528315 -1.47414219 -0.57945371
-1.85394287 -1.47914183 -0.49500278
-1.71036398 -1.39624643 -0.59064299
-1.88005090 -1.49421525 -0.74712187
-1.66460514 -1.36982763 -0.78721768
-1.68107259 -1.37933505 -0.65038019
-1.57067537 -1.31559718 -0.87695742
-1.86194694 -1.48376298 -0.55652767
-1.98789680 -1.55648017 -0.59621966
-1.63779008 -1.35434592 -0.47255680
-1.62874866 -1.34912586 -0.35470772
-2.07006240 -1.60391855 -0.70464760
-1.76951575 -1.43039775 -0.53601784
-1.78563952 -1.43970692 -0.67998040
-1.70136809 -1.39105272 -0.60687590
-1.65486586 -1.36420465 -0.91789883
-1.56987906 -1.31513739 -0.88699085
-1.61015177 -1.33838892 -0.61432207
-1.56260204 -1.31093609 -0.91588378
-1.61196077 -1.33943331 -0.65580308
-1.62290096 -1.34574962 -0.87216300
-1.93950975 -1.52854395 -0.45605266
-2.04416227 -1.58896506 -0.66258007
-2.15619898 -1.65364945 -0.61443204
-1.69779944 -1.38899231 -0.51966339
-1.53772855 -1.29657531 -0.72679746
-1.99613225 -1.56123495 -0.61492878
-1.97346544 -1.54814816 -0.46819472
-1.70453310 -1.39287996 -0.38597593
-1.81669223 -1.45763516 -0.45543203
-1.79710734 -1.44632781 -0.47346359
-1.65266645 -1.36293483 -0.42755634
-1.84499407 -1.47397518 -0.81387591
-1.54907894 -1.30312848 -0.75158137
-1.78807235 -1.44111145 -0.76137936
-1.79281366 -1.44384885 -0.69569165
-1.63756788 -1.35421765 -0.47477019
-1.71568108 -1.39931631 -0.49737862
-2.12214184 -1.63398659 -0.54157507
-1.79386127 -1.44445372 -0.56728125
-1.75263429 -1.42065120 -0.44054502
-1.66030598 -1.36734545 -0.57102007
-2.02526331 -1.57805383 -0.61892670
-2.05644631 -1.59605730 -0.69416332
-1.79641807 -1.44592977 -0.46786645
-1.69036269 -1.38469875 -0.52229112
-2.20720625 -1.68309855 -0.51535606
-1.89230478 -1.50129008 -0.64301264
-1.54702163 -1.30194068 -0.58787441
-1.88788533 -1.49873853 -0.71816128
-1.79816735 -1.44693983 -0.46726009
-1.82354665 -1.46159256 -0.62800890
-1.93511450 -1.52600634 -0.78194809
-1.91982496 -1.51717889 -0.39414003
-1.95867550 -1.53960919 -0.52204633
-1.78321958 -1.43830967 -0.57898277
-1.52696848 -1.29036307 -0.82392818
-2.17516971 -1.66460228 -0.54263860
-1.57175231 -1.31621897 -0.87451655
-1.58405817 -1.32332373 -0.57555902
-1.57873929 -1.32025290 -0.69842875
-1.79799116 -1.44683814 -0.71020341
-2.05651426 -1.59609640 -0.53440702
-1.89203870 -1.50113642 -0.71467662
-2.27360678 -1.72143495 -0.54359853
-1.80110073 -1.44863343 -0.69756538
-1.74171412 -1.41434646 -0.39017028
-1.70012844 -1.39033699 -0.86567253
-2.13689876 -1.64250660 -0.57869256
-1.91752446 -1.51585066 -0.73321360
-2.03470421 -1.58350444 -0.45528778
-1.65876830 -1.36645770 -0.77155036
-1.88007808 -1.49423099 -0.39881048
-1.57551551 -1.31839156 -0.70787871
-1.81660938 -1.45758736 -0.36302325
-1.81753922 -1.45812416 -0.61039603
-1.70283198 -1.39189792 -0.36372498
-1.74771631 -1.41781187 -0.46443081
-1.79267812 -1.44377053 -0.52172953
-1.64270520 -1.35718358 -0.53451771
-2.05886745 -1.59745502 -0.60171390
-1.71982205 -1.40170705 -0.38272321
-1.62930489 -1.34944701 -0.59987098
-1.85896230 -1.48203981 -0.81890488
-1.59647906 -1.33049500 -0.73609924
-1.75582325 -1.42249238 -0.61409438
-1.74337542 -1.41530561 -0.82224959
-1.91248465 -1.51294100 -0.44013572
-1.58438528 -1.32351255 -0.39079213
-1.59090793 -1.32727849 -0.56593740
-1.65991509 -1.36711979 -0.81934971
-2.17639303 -1.66530848 -0.49557370
-2.09507513 -1.61835957 -0.61723191
-1.65583086 -1.36476171 -0.32040927
-1.98448420 -1.55450988 -0.54634106
-1.87499070 -1.49129379 -0.43269354
-1.66298771 -1.36889374 -0.85484987
-2.24497604 -1.70490503 -0.60847127
-1.91092479 -1.51204038 -0.79738736
-2.00834656 -1.56828678 -0.45909464
-1.76130807 -1.42565906 -0.72630692
-1.63235569 -1.35120833 -0.51231432
-1.73274720 -1.40916944 -0.78589720
-1.85726440 -1.48105955 -0.40845886
-1.58196962 -1.32211792 -0.91477305
-1.69742942 -1.38877869 -0.44314012
-1.72537005 -1.40491021 -0.61000341
-1.55117011 -1.30433583 -0.54904664
-1.87826300 -1.49318302 -0.51071018
-1.92450511 -1.51988101 -0.54017633
-1.65878785 -1.36646903 -0.30762666
-1.66936946 -1.37257826 -0.60335988
-1.58935678 -1.32638288 -0.87542248
-1.63413775 -1.35223722 -0.74582064
-1.70384133 -1.39248061 -0.80058998
-2.28262925 -1.72664416 -0.52395195
-1.74516499 -1.41633892 -0.55627584
-1.69361424 -1.38657594 -0.85123438
-2.09185100 -1.61649823 -0.67694068
-1.81300414 -1.45550585 -0.80701339
-1.76535928 -1.42799807 -0.73385453
-1.80654144 -1.45177460 -0.40677273
-1.93563783 -1.52630842 -0.51179963
-1.64485669 -1.35842586 -0.60987717
-1.57936907 -1.32061648 -0.61616164
-1.60464418 -1.33520913 -0.36999846
-1.87542057 -1.49154198 -0.43901512
-1.71906853 -1.40127206 -0.46520951
-1.73158598 -1.40849900 -0.32501471
-1.74881506 -1.41844618 -0.68788457
-1.74519575 -1.41635656 -0.59844989
-1.57041037 -1.31544411 -0.76684552
-1.63844013 -1.35472119 -0.91697425
-2.05920696 -1.59765112 -0.65006244
-1.68324172 -1.38058746 -0.49086991
-1.62914252 -1.34935319 -0.75194383
-1.66294122 -1.36886692 -0.42077667
-2.11941004 -1.63240945 -0.61916709
-1.61663151 -1.34213006 -0.51461089
-1.69035625 -1.38469493 -0.79780191
-1.88803387 -1.49882424 -0.73751056
-1.88782394 -1.49870300 -0.69499612
-1.93558919 -1.52628028 -0.44392684
-1.89181471 -1.50100708 -0.51678646
-1.90600038 -1.50919724 -0.40983075
-1.62966168 -1.34965289 -0.55024391
-2.01547480 -1.57240236 -0.54228812
-2.00809932 -1.56814408 -0.65979457
-1.57430851 -1.31769478 -0.36587596
-1.68575323 -1.38203740 -0.57766026
-1.52762794 -1.29074371 -0.93548846
-2.03598309 -1.58424282 -0.51392716
-1.63393676 -1.35212123 -0.34926918
-1.85739422 -1.48113441 -0.72095245
-1.69443297 -1.38704872 -0.55507177
-1.69319677 -1.38633502 -0.85905075
-1.68935549 -1.38411725 -0.86596996
-2.00518227 -1.56646001 -0.56302750
-1.87559438 -1.49164236 -0.78588277
-2.17663836 -1.66545022 -0.62812328
-1.83588958 -1.46871877 -0.79512537
-2.00749135 -1.56779313 -0.51284838
-1.70837629 -1.39509892 -0.59283400
-1.79459000 -1.44487441 -0.42136732
-2.11488843 -1.62979877 -0.55517519
-1.64199722 -1.35677493 -0.52458858
-1.72901440 -1.40701437 -0.50623691
-1.71400857 -1.39835072 -0.72212690
-1.63157177 -1.35075581 -0.82723916
-1.59654820 -1.33053493 -0.42599359
-1.70101297 -1.39084768 -0.58944720
-1.60489058 -1.33535135 -0.36124557
-1.81821978 -1.45851707 -0.80804855
-2.09296894 -1.61714363 -0.57735044
-1.97658110 -1.54994702 -0.57108808
-1.68904674 -1.38393891 -0.47402892
-1.90454984 -1.50835979 -0.78814089
-1.76771319 -1.42935705 -0.75344121
-2.30361414 -1.73875964 -0.53507847
-1.86791146 -1.48720658 -0.44669414
-1.54965496 -1.30346107 -0.95748144
-1.80234671 -1.44935274 -0.72932643
-1.72897899 -1.40699387 -0.51601410
-1.93050253 -1.52334356 -0.57808256
-1.91810501 -1.51618588 -0.39352530
-2.06328702 -1.60000670 -0.52033752
-1.59336400 -1.32869649 -0.91626972
-1.84020507 -1.47121036 -0.42977163
-1.92541409 -1.52040577 -0.41906780
-1.82340646 -1.46151161 -0.62862927
-1.63016152 -1.34994161 -0.40954688
-1.65015757 -1.36148632 -0.55515450
-1.68858945 -1.38367486 -0.46640813
-1.63624859 -1.35345590 -0.84171021
-1.74482155 -1.41614056 -0.73134357
-1.85781002 -1.48137450 -0.68931210
-1.71720934 -1.40019870 -0.84661627
-1.61839569 -1.34314859 -0.85717130
-1.52788365 -1.29089141 -0.88166386
-1.91799152 -1.51612031 -0.41984463
-1.76982617 -1.43057692 -0.35723400
-1.95423090 -1.53704321 -0.61067343
-1.84164977 -1.47204447 -0.73325777
-1.56360209 -1.31151342 -0.29699272
-2.30704784 -1.74074221 -0.55367362
-1.71167791 -1.39700508 -0.61383116
-2.05873561 -1.59737897 -0.65035599
-1.98178267 -1.55295026 -0.71258783
-1.74447989 -1.41594326 -0.55120212
-1.62267852 -1.34562123 -0.72168547
-1.88957214 -1.49971235 -0.77988935
-1.94720459 -1.53298652 -0.75108069
-2.02819872 -1.57974851 -0.52287334
-1.77363217 -1.43277442 -0.60663313
-1.77870691 -1.43570435 -0.37645164
-2.07308960 -1.60566628 -0.55383307
-2.02141094 -1.57582963 -0.61924571
-2.01405549 -1.57158291 -0.48885152
-1.96101928 -1.54096246 -0.70750815
-1.85897434 -1.48204672 -0.41379982
-2.00154734 -1.56436133 -0.93149620
-2.19345117 -1.67515707 -0.73856121
-2.26718855 -1.71772933 -0.90816933
-2.17796683 -1.66621721 -0.84455490
-2.08675146 -1.61355400 -0.92730200
-2.09674883 -1.61932600 -0.97069097
-2.12497354 -1.63562143 -0.90569544
-2.04279995 -1.58817863 -0.94498950
-1.61752129 -1.34264362 -0.99970198
-2.27920532 -1.72466731 -0.83937007
-2.23827338 -1.70103526 -0.62101275
-1.82682669 -1.46348631 -0.94692957
-1.79291117 -1.44390512 -0.87176466
-2.25212240 -1.70903099 -0.62431937
-2.27900076 -1.72454917 -0.71189082
-2.25947309 -1.71327484 -0.96426797
-1.95104682 -1.53520489 -0.86807221
-1.95843649 -1.53947127 -0.81001484
-2.09763002 -1.61983466 -0.94411397
-2.00882649 -1.56856394 -0.84565091
-1.95912611 -1.53986943 -0.80723667
-1.74145353 -1.41419601 -1.00219500
-2.17714286 -1.66574144 -0.72448462
-2.22956467 -1.69600725 -0.99455124
-2.22627807 -1.69410968 -1.01125324
-1.76743352 -1.42919564 -0.89263994
-1.57407010 -1.31755710 -0.99168897
-1.76064289 -1.42527509 -0.96305728
-2.27767372 -1.72378302 -0.79472977
-2.10664415 -1.62503898 -0.70256168
-2.07244444 -1.60529375 -0.88472652
-2.20028281 -1.67910135 -0.84598303
-2.23668838 -1.70012009 -0.92780805
-1.96822524 -1.54512274 -0.77755582
-2.13171673 -1.63951468 -0.79146194
-2.17559147 -1.66484582 -1.01871276
-1.75110817 -1.41977012 -0.99361140
-2.04169345 -1.58753967 -0.91885144
-2.23772335 -1.70071757 -0.83309615
-2.00859571 -1.56843066 -0.94058132
-1.94740212 -1.53310061 -0.97076219
-1.82900858 -1.46474600 -0.94429094
-1.81719398 -1.45792484 -0.96694666
-2.19679666 -1.67708862 -0.99031419
-2.29937220 -1.73631072 -0.91083425
-2.31873345 -1.74748886 -0.96662253
-2.17502427 -1.66451836 -0.89035362
-2.24842072 -1.70689380 -1.01614428
-1.94415939 -1.53122830 -0.79037845
-1.66529536 -1.37022603 -0.96795475
-1.80960131 -1.45354116 -1.00422883
-2.31994820 -1.74819028 -0.82210702
-1.60640609 -1.33622634 -1.02058125
-1.70201373 -1.39142549 -0.92337322
-2.24215889 -1.70327854 -0.88285434
-2.27888894 -1.72448468 -0.69581270
-2.03673792 -1.58467865 -0.87073141
-1.85860777 -1.48183513 -0.84541994
-2.31630588 -1.74608719 -0.62908256
-1.93330896 -1.52496386 -0.91907728
-2.06473804 -1.60084450 -0.96966714
-2.28038192 -1.72534668 -0.66338879
-1.89264345 -1.50148559 -0.87039047
-2.26147723 -1.71443200 -0.65872872
-2.02649760 -1.57876635 -0.97675711
-2.33556366 -1.75720572 -0.82631183
-2.17006111 -1.66165292 -0.87488502
-2.16809416 -1.66051722 -0.86297643
-1.76592922 -1.42832708 -0.96824139
-2.27585220 -1.72273135 -0.72834456
-2.14136147 -1.64508307 -0.86973959
-2.22365141 -1.69259322 -0.62671000
-2.29265094 -1.73243010 -0.58748889
-2.20052934 -1.67924368 -0.94040221
-2.27588248 -1.72274876 -1.02078748
-2.21656060 -1.68849933 -1.00458574
-1.80446112 -1.45057344 -0.93668836
-2.31539559 -1.74556172 -0.81067914
-2.12218213 -1.63400996 -0.87411249
-2.08832073 -1.61445999 -0.74370968
-1.72127223 -1.40254438 -0.99365562
-1.75337005 -1.42107606 -1.00546670
-2.21181917 -1.68576181 -0.93326235
-2.09142470 -1.61625206 -0.71787012
-1.79665446 -1.44606638 -1.01946950
-2.31635785 -1.74611723 -0.80164081
-2.30919409 -1.74198127 -0.67641413
-2.25189161 -1.70889771 -0.61835945
-1.86394918 -1.48491895 -0.88951439
-2.35025430 -1.76568747 -0.75295788
-2.31505203 -1.74536335 -1.02228129
-1.68404663 -1.38105214 -0.98880410
-2.10275030 -1.62279093 -0.87632555
-2.05814385 -1.59703732 -0.96837586
-2.07594299 -1.60731375 -0.89773816
-2.32075071 -1.74865353 -0.85024548
-1.68798065 -1.38332343 -0.95799440
-2.00328541 -1.56536484 -1.01402020
-2.18961549 -1.67294264 -0.71323562
-2.17198658 -1.66276443 -0.97017539
-2.03796268 -1.58538568 -0.92666841
-2.27944446 -1.72480536 -0.63825518
-2.31838584 -1.74728811 -0.67814881
-2.17213154 -1.66284811 -0.74531978
-2.15445590 -1.65264320 -0.91183823
-1.77959752 -1.43621850 -0.88852888
-2.24864817 -1.70702505 -0.74350280
-2.11342645 -1.62895477 -0.91965437
-2.15570068 -1.65336192 -0.82997221
-1.53162932 -1.29305398 -1.02068913
-2.18911743 -1.67265499 -0.83107775
-2.33688879 -1.75797093 -0.61228752
-1.99180341 -1.55873561 -0.88528401
-2.26408267 -1.71593630 -0.75563705
-2.33086538 -1.75449324 -0.96752805
-2.28709674 -1.72922337 -0.70740265
-2.20567203 -1.68221271 -0.99038607
-1.90812802 -1.51042557 -0.85066462
-2.01114368 -1.56990182 -0.75154209
-2.23902726 -1.70147038 -0.68259764
-2.26524138 -1.71660531 -0.78691059
-2.06029153 -1.59827733 -0.96467096
-1.75106013 -1.41974247 -0.96546960
-2.32300186 -1.74995327 -0.57833266
-2.18187022 -1.66847086 -0.82477301
-2.04888415 -1.59169126 -0.87838346
-1.99320602 -1.55954552 -0.94286722
-1.71337998 -1.39798784 -0.95526153
-1.80358863 -1.45006979 -0.86322916
-1.78328109 -1.43834519 -0.95411682
-1.87348652 -1.49042535 -0.84906840
-2.22119570 -1.69117534 -0.68193340
-2.21010637 -1.68477297 -0.72528642
-2.28874707 -1.73017621 -0.71482724
-2.05294871 -1.59403789 -0.96036768
-1.75482690 -1.42191720 -0.90476435
-1.86579800 -1.48598635 -0.98945898
-1.69727504 -1.38868952 -1.00795531
-1.74947965 -1.41882992 -0.99547046
-2.15232897 -1.65141511 -1.02109599
-2.27238345 -1.72072864 -0.62521672
-2.23859882 -1.70122313 -0.75198185
-2.09225798 -1.61673307 -0.77239513
-2.05075932 -1.59277380 -0.87921715
-2.28852248 -1.73004651 -0.76307005
-2.28450227 -1.72772551 -0.79748946
-2.04273200 -1.58813941 -0.86435300
-1.93176627 -1.52407324 -0.99589175
-1.80409086 -1.45035982 -0.99405587
-1.85278618 -1.47847402 -0.98374659
-2.14364624 -1.64640212 -0.77221900
-1.86657631 -1.48643577 -0.95844507
-1.73832488 -1.41238976 -0.92587739
-1.80175233 -1.44900954 -0.86363459
-2.27143812 -1.72018290 -0.93101603
-2.10746861 -1.62551498 -0.83614862
-1.95329261 -1.53650141 -0.99466437
-2.23819637 -1.70099080 -0.75864589
-2.28706837 -1.72920704 -0.66817307
-2.31248903 -1.74388361 -0.82912129
-2.05506754 -1.59526122 -0.88873136
-2.20152092 -1.67981625 -0.80861062
-2.30047584 -1.73694777 -0.75137168
-2.04274368 -1.58814609 -0.96091241
-1.90967691 -1.51131988 -0.85444754
-1.77332580 -1.43259752 -0.91482621
-2.10699272 -1.62524021 -0.79765022
-2.31125069 -1.74316871 -0.90826988
-1.81403196 -1.45609927 -0.93704212
-2.23195028 -1.69738460 -0.72074801
-2.32010078 -1.74827826 -0.67344302
-2.11300325 -1.62871039 -0.79733121
-1.63948333 -1.35532355 -0.99793780
-2.23252606 -1.69771707 -0.88975811
-1.86449611 -1.48523474 -0.96562231
-2.12129450 -1.63349736 -0.78364986
-1.68536615 -1.38181400 -1.00867081
-2.33147383 -1.75484455 -0.59780616
-2.32215762 -1.74946582 -0.67737848
-2.19440198 -1.67570603 -0.64000267
-2.17367268 -1.66373801 -1.01190364
-2.27523232 -1.72237349 -0.64139217
-2.19263434 -1.67468548 -1.00729907
-1.93555760 -1.52626216 -0.96672815
-2.03305292 -1.58255112 -0.83405459
-1.88260520 -1.49568999 -0.82787442
-2.01812220 -1.57393086 -1.02189493
-1.92878377 -1.52235126 -0.83914471
-2.34572363 -1.76307166 -0.74307007
-1.96549022 -1.54354370 -0.88224196
-2.21436214 -1.68723011 -0.99795121
-2.21214485 -1.68594992 -0.89119577
-1.99884689 -1.56280220 -0.81582087
-2.13545656 -1.64167392 -0.74787766
-2.04667091 -1.59041345 -0.84551877
-1.61521614 -1.34131289 -0.99285001
-2.34892964 -1.76492274 -0.89328361
-1.83609760 -1.46883881 -0.86623776
-2.16952658 -1.66134417 -0.80515325
-2.28668380 -1.72898507 -0.95767081
-2.27846074 -1.72423732 -1.01849639
-1.92383659 -1.51949501 -0.90994388
-2.00410771 -1.56583953 -0.90825003
-2.24469113 -1.70474041 -0.85992140
-1.97297823 -1.54786694 -0.92758512
-2.19229436 -1.67448914 -0.68197912
-1.88225389 -1.49548721 -0.93564749
-2.25784850 -1.71233690 -0.62311727
-1.69613862 -1.38803351 -0.94383615
-2.22604752 -1.69397652 -0.88479829
-2.22907758 -1.69572604 -0.97509176
-2.32973051 -1.75383806 -0.88497674
-2.27469158 -1.72206128 -0.84323436
-2.28950691 -1.73061490 -0.70988029
-1.58709431 -1.32507670 -1.01117682
-1.73659599 -1.41139150 -0.91417646
-1.97661138 -1.54996455 -0.86450309
-2.11096668 -1.62753463 -0.88146079
-1.85283244 -1.47850072 -0.85741609
-2.32196808 -1.74935627 -0.64137644
-2.34188318 -1.76085436 -0.82071042
-1.72575688 -1.40513361 -1.01296759
-2.21171188 -1.68569982 -0.98522329
-1.88770998 -1.49863732 -0.83629680
-2.20437670 -1.68146491 -0.64097279
-1.88486207 -1.49699306 -0.93278533
-1.77163088 -1.43161893 -0.95658839
-2.24080992 -1.70249963 -0.64221543
-1.93677747 -1.52696645 -0.86404908
-2.17979121 -1.66727054 -0.97946459
-2.22075176 -1.69091904 -0.67604572
-1.98280609 -1.55354106 -0.86104929
-1.96177435 -1.54139841 -0.81771970
-1.66921234 -1.37248755 -0.95136309
-1.99914217 -1.56297266 -0.90122682
-2.21883368 -1.68981159 -0.75187224
-2.24346542 -1.70403278 -0.70093465
-1.80437934 -1.45052624 -1.01985550
-2.11028719 -1.62714231 -0.72420847
-2.30640697 -1.74037218 -0.74997401
-1.93920791 -1.52836967 -0.80839050
-2.15744829 -1.65437078 -1.01988590
-1.75478673 -1.42189395 -0.96927148
-2.20021534 -1.67906237 -0.68008012
-1.69040000 -1.38472021 -0.98954755
-2.32395291 -1.75050235 -0.93607801
-1.68373919 -1.38087463 -1.01376593
-2.00714588 -1.56759357 -0.98951936
-1.93828011 -1.52783394 -1.01471400
-2.23545933 -1.69941044 -0.94410050
-2.28572607 -1.72843206 -0.94102108
-1.61400437 -1.34061325 -0.97598803
-2.23882103 -1.70135140 -0.62770844
-2.25443625 -1.71036685 -0.87045991
-2.15772724 -1.65453184 -0.91326129
-1.70978308 -1.39591110 -0.92150027
-2.26364732 -1.71568477 -0.95517462
-1.96007419 -1.54041684 -0.83823490
-2.03406739 -1.58313680 -0.86029065
-1.81971085 -1.45937788 -1.00219417
-1.75513077 -1.42209256 -0.89130837
-2.27984786 -1.72503817 -0.68171954
-1.85975277 -1.48249614 -0.99487627
-2.13052773 -1.63882828 -0.97670501
-1.70348942 -1.39227748 -0.97184110
-2.11719871 -1.63113272 -1.01723230
-2.05941916 -1.59777355 -0.87291873
-2.19895887 -1.67833698 -0.83778143
-2.02872586 -1.58005285 -0.83399659
-1.90289199 -1.50740254 -0.92044389
-2.08559418 -1.61288571 -1.02121520
-2.07332182 -1.60580039 -0.86814159
-1.85018444 -1.47697186 -0.85316181
-2.32754374 -1.75257552 -0.81506389
-2.03816366 -1.58550179 -0.85420805
-2.11726546 -1.63117123 -0.84954715
-2.13267875 -1.64007008 -0.79611117
-2.34342718 -1.76174581 -0.87936127
-2.06605959 -1.60160756 -0.84505332
-1.77104235 -1.43127918 -0.98041523
-2.24304771 -1.70379174 -0.71382618
-2.18140173 -1.66820025 -0.94720536
-1.87428391 -1.49088573 -0.84651226
-1.80178964 -1.44903111 -0.88388151
-1.74049938 -1.41364515 -0.99681658
-2.07661510 -1.60770178 -1.00745893
-2.29786682 -1.73544157 -0.71474040
-1.91469359 -1.51421630 -0.79871118
-1.87919879 -1.49372327 -0.91743845
-2.24006391 -1.70206892 -0.96227449
-1.62037301 -1.34429014 -1.01460826
-2.08452129 -1.61226630 -0.93409717
-1.83863246 -1.47030234 -0.88729835
-1.82470858 -1.46226335 -0.97455055
-2.09865046 -1.62042391 -1.01589799
-1.66182208 -1.36822081 -1.02359283
-2.29481411 -1.73367906 -1.02007818
-2.15829778 -1.65486133 -0.72866452
-1.56878173 -1.31450391 -1.00968742
-2.01906943 -1.57447767 -0.76483750
-2.07900906 -1.60908389 -0.83299321
-2.24263573 -1.70355380 -0.78393340
-1.88660955 -1.49800193 -0.93278980
-2.30879283 -1.74174964 -0.75105917
-2.29659939 -1.73470974 -1.00937867
-2.20716691 -1.68307590 -0.63742751
-2.28210187 -1.72633958 -0.64817184
-2.28968048 -1.73071504 -0.87253988
-1.89951301 -1.50545180 -0.86039841
-2.03353119 -1.58282721 -0.90485609
-1.85559702 -1.48009682 -1.00067222
-1.62729120 -1.34828436 -0.99081856
-2.27962947 -1.72491217 -0.69715321
-1.80058479 -1.44833553 -0.86505520
-2.01003647 -1.56926262 -1.01530886
-1.82116389 -1.46021688 -0.85633951
-1.84408200 -1.47344863 -0.88347715
-2.06880188 -1.60319078 -0.86328715
-2.10537243 -1.62430477 -0.91303051
-2.20676804 -1.68284559 -0.92424393
-1.82336855 -1.46148980 -0.85647976
-2.12245178 -1.63416553 -0.99539304
-2.12083602 -1.63323271 -0.90643489
-2.29784942 -1.73543143 -0.92461991
-1.71582592 -1.39940000 -1.01344192
-2.13462996 -1.64119661 -0.76189178
-1.85998106 -1.48262799 -0.86409128
-1.66652024 -1.37093329 -1.01327884
-1.92167735 -1.51824832 -0.89172304
-2.21935964 -1.69011533 -0.97608608
-2.34738159 -1.76402891 -0.79811114
-1.99713671 -1.56181490 -0.89208740
-2.21803856 -1.68935263 -0.93331158
-1.94751596 -1.53316629 -0.99848974
-2.15236664 -1.65143692 -0.85950679
-1.87239516 -1.48979521 -0.97193575
-2.11952567 -1.63247621 -0.99612039
-2.01349998 -1.57126224 -1.02399743
-1.92009866 -1.51733685 -0.88766497
-2.11432743 -1.62947488 -0.76709062
-2.27861428 -1.72432601 -1.01715970
-2.28724408 -1.72930837 -0.96503544
-2.17943525 -1.66706491 -0.77339554
-1.71270633 -1.39759886 -0.96565711
-1.71777022 -1.40052247 -0.92913073
-2.11975241 -1.63260710 -0.79538995
-1.87374115 -1.49057233 -0.83884007
-2.21451974 -1.68732107 -0.64613217
-2.14004612 -1.64432371 -0.67358589
-1.90587366 -1.50912416 -0.85708278
-1.71151257 -1.39690959 -1.00475681
-2.28415775 -1.72752655 -0.93941402
-1.77182102 -1.43172872 -0.90894055
-2.15284562 -1.65171337 -0.91298133
-1.88145971 -1.49502861 -0.93223989
-2.33049679 -1.75428045 -0.82750219
-2.12284851 -1.63439465 -0.97139001
-2.17992854 -1.66734982 -0.71712148
-2.19747186 -1.67747843 -0.94004512
-1.86326754 -1.48452544 -0.92883188
-1.98964834 -1.55749142 -0.81957036
-2.20251966 -1.68039274 -0.68356115
-1.69170082 -1.38547134 -0.98741215
-2.02492642 -1.57785928 -0.77127224
-2.22840190 -1.69533587 -0.70710838
-2.31612372 -1.74598205 -0.78809470
-2.34004593 -1.75979364 -0.63966852
-2.21142840 -1.68553627 -0.74306118
-1.85834932 -1.48168588 -0.99389541
-2.32509518 -1.75116181 -0.68168026
-2.12469506 -1.63546062 -0.93820757
-2.33134961 -1.75477278 -0.93486452
-2.19706750 -1.67724490 -0.78817922
-2.10051823 -1.62150216 -0.91146970
-1.68529308 -1.38177180 -0.95047402
-2.35104299 -1.76614273 -0.62362528
-2.18715429 -1.67152154 -0.92160589
-2.32743883 -1.75251496 -0.87040347
-2.08205247 -1.61084104 -0.74378628
-1.85149622 -1.47772920 -0.94195735
-2.16511488 -1.65879714 -0.78774607
-2.21587968 -1.68810618 -0.74969655
-2.14675069 -1.64819455 -0.81887442
-2.20934939 -1.68433595 -0.89336926
-1.86502457 -1.48553991 -0.92739159
-1.91112995 -1.51215875 -0.83723783
-2.17184806 -1.66268444 -0.79866242
-2.24205112 -1.70321631 -0.77709579
-1.96829212 -1.54516149 -0.85267723
-2.18493557 -1.67024064 -1.02182198
-1.83617032 -1.46888077 -0.86773008
-1.81625330 -1.45738173 -0.90698594
-2.29711843 -1.73500943 -0.67162246
-2.30382347 -1.73888052 -0.89091283
-2.07476258 -1.60663211 -0.83047736
-2.00260520 -1.56497204 -0.87200171
-2.25802636 -1.71243966 -0.99004060
-2.19004416 -1.67319000 -0.75457138
-2.33843875 -1.75886583 -0.64743912
-2.32300901 -1.74995732 -0.60373622
-2.21231270 -1.68604684 -0.91342312
-2.11514115 -1.62994480 -0.90204734
-2.27189732 -1.72044802 -0.77491236
-2.17366314 -1.66373241 -0.76912010
-1.91866887 -1.51651144 -0.99349791
-2.16515923 -1.65882266 -0.85790884
-2.27700877 -1.72339904 -0.91656035
-1.92383361 -1.51949322 -0.87459290
-1.97201931 -1.54731333 -0.81559515
-2.34421682 -1.76220179 -0.63995612
-1.84589934 -1.47449791 -0.95921469
-2.29518676 -1.73389423 -0.71645147
-2.25086427 -1.70830464 -0.66707599
-2.34678531 -1.76368463 -0.66299981
-2.24010706 -1.70209384 -0.74408811
-2.33405662 -1.75633574 -0.61017430
-1.59109902 -1.32738888 -0.99808908
-1.98576605 -1.55524993 -0.80565661
-1.89033306 -1.50015163 -0.85589814
-2.04489255 -1.58938670 -0.90357208
-1.76625204 -1.42851341 -0.96631992
-2.30791116 -1.74124062 -0.99900186
-2.22698355 -1.69451702 -0.97638077
-2.33401656 -1.75631249 -0.69692230
-2.04066014 -1.58694303 -0.81994724
-2.33190131 -1.75509131 -0.64298254
-1.83092773 -1.46585405 -0.89091170
-2.16559291 -1.65907311 -0.70851099
-1.71091926 -1.39656711 -0.94437641
-2.23965406 -1.70183229 -0.65364474
-1.98595178 -1.55535722 -0.89114410
-2.24554324 -1.70523250 -0.77347404
-2.25962210 -1.71336091 -0.66833013
-2.15859795 -1.65503454 -0.96443313
-2.26835728 -1.71840405 -0.80351514
-1.85415399 -1.47926366 -0.98565066
-2.23176646 -1.69727838 -0.98889381
-2.30957580 -1.74220181 -0.87374145
-2.33587933 -1.75738800 -0.88818884
-2.25490355 -1.71063673 -0.77491426
-2.05066061 -1.59271693 -0.98779660
-2.04666400 -1.59040952 -0.93940949
-2.00909948 -1.56872165 -0.96809351
-1.98849881 -1.55682778 -0.92981917
-1.87888169 -1.49354017 -0.93407637
-1.68213940 -1.37995100 -1.00567162
-1.93685412 -1.52701068 -1.02007139
-2.07575583 -1.60720563 -0.90196466
-2.01533318 -1.57232058 -0.74163055
-2.15239453 -1.65145302 -0.89027220
-2.28310442 -1.72691846 -0.71009618
-2.34464049 -1.76244628 -0.79720062
-2.27701068 -1.72340024 -0.83185530
-1.89799833 -1.50457728 -0.84543037
-1.93354154 -1.52509809 -0.87557268
-1.95785725 -1.53913677 -0.98607135
-2.13187933 -1.63960850 -0.90609699
-1.84417963 -1.47350502 -0.91231668
-2.16232848 -1.65718842 -0.71121305
-2.31409621 -1.74481153 -0.70111048
-2.33036780 -1.75420606 -0.56115073
-1.97484457 -1.54894447 -1.02102005
-2.23067784 -1.69664991 -0.97387201
-1.71204913 -1.39721942 -1.01472235
-2.10881567 -1.62629271 -1.02393830
-2.24511337 -1.70498419 -0.91182172
-2.17980123 -1.66727626 -0.72981936
-2.28581810 -1.72848523 -0.72194487
-2.22503734 -1.69339347 -0.86501569
-2.10833073 -1.62601268 -0.88293862
-2.10348916 -1.62321746 -0.76359850
-2.28832650 -1.72993338 -0.62329412
-1.97604144 -1.54963553 -1.02238727
-1.89901423 -1.50516379 -0.98999107
-1.76376927 -1.42708004 -1.01303732
-1.95792353 -1.53917503 -1.00674880
-2.27397895 -1.72164977 -0.72217613
-2.08940077 -1.61508358 -0.97350818
-1.70909762 -1.39551532 -1.00810599
-2.07928991 -1.60924602 -0.95414633
-1.93633139 -1.52670884 -0.87819415
-1.71593165 -1.39946103 -0.95283484
-2.34469557 -1.76247811 -0.98130035
-1.84375393 -1.47325921 -0.91867340
-2.00210404 -1.56468284 -1.01894093
-2.14521837 -1.64730978 -0.83697432
-2.14756799 -1.64866638 -0.68058217
-2.08551145 -1.61283815 -0.96134299
-1.62811172 -1.34875810 -0.97803837
-2.23196912 -1.69739532 -0.80353791
-2.16893291 -1.66100144 -0.72169662
-2.17428422 -1.66409099 -0.69356656
-1.89870071 -1.50498271 -0.87718707
-2.34363008 -1.76186287 -0.92816579
-2.08824158 -1.61441433 -0.79338980
-1.74119842 -1.41404879 -0.99358904
-1.98941064 -1.55735421 -0.90599293
-2.15243125 -1.65147424 -0.88929856
-1.82411039 -1.46191800 -0.89604396
-2.16623473 -1.65944362 -0.75381297
-2.13925099 -1.64386463 -0.76947051
-2.15037680 -1.65028811 -0.92800117
-1.88747489 -1.49850154 -0.93433386
-2.27600765 -1.72282112 -0.84716928
-2.19293427 -1.67485869 -0.91160989
-2.27534056 -1.72243595 -0.71714199
-2.23779273 -1.70075762 -0.85255671
-2.03891850 -1.58593762 -0.84428513
-2.09561634 -1.61867201 -0.81960523
-2.16198373 -1.65698934 -0.78527313
-1.95379674 -1.53679252 -0.94902468
-1.70131135 -1.39101994 -0.96628720
-1.97004938 -1.54617596 -0.91836166
-2.19602799 -1.67664480 -0.69852483
-2.17229152 -1.66294062 -0.84415764
-1.61354780 -1.34034967 -0.99086422
-2.07353950 -1.60592604 -0.80195671
-2.25466681 -1.71050000 -0.98671538
-1.93919396 -1.52836156 -0.82665896
-1.87428188 -1.49088454 -0.87109125
-2.24054122 -1.70234454 -0.94322944
-2.32396364 -1.75050843 -0.82127291
-2.30772686 -1.74113417 -0.72039181
-2.11036468 -1.62718701 -0.81574625
-2.32827330 -1.75299668 -0.79333478
-2.31133032 -1.74321461 -0.74700963
-2.04975629 -1.59219480 -0.94271505
-1.85662806 -1.48069203 -0.94614595
-2.10752559 -1.62554789 -0.76477545
-1.99173486 -1.55869603 -0.81326735
-1.97166348 -1.54710793 -0.80704194
-2.19977427 -1.67880774 -0.82084250
-1.97811377 -1.55083191 -0.91801804
-1.96398258 -1.54267335 -0.86003941
-2.22036695 -1.69069695 -0.75086957
-1.89481890 -1.50274158 -0.86772794
-2.13496590 -1.64139056 -0.80687892
-2.08586383 -1.61304140 -0.77069813
-1.95517552 -1.53758860 -0.82743132
-2.12075210 -1.63318431 -0.81328446
-2.24166727 -1.70299470 -0.75340062
-1.92618752 -1.52085233 -0.91952324
-2.19523811 -1.67618883 -0.80644774
-1.82962179 -1.46510005 -0.99108154
-2.29302144 -1.73264408 -0.63540661
-2.11945820 -1.63243723 -0.92722964
-2.29638815 -1.73458791 -0.93665725
-2.21625304 -1.68832183 -0.81555372
-2.00339460 -1.56542790 -0.90361899
-1.80814385 -1.45269966 -0.97654206
-2.07378650 -1.60606861 -0.93607068
-2.12738991 -1.63701665 -0.90877849
-1.81741691 -1.45805359 -0.94471997
-2.05650401 -1.59609056 -1.01777494
-2.32827973 -1.75300038 -0.99746633
-2.28042936 -1.72537398 -0.91567886
-2.21226454 -1.68601894 -0.93715662
-2.09434128 -1.61793602 -0.80751759
-2.32138896 -1.74902201 -0.95301938
-1.96176004 -1.54139006 -0.98555160
-1.85295939 -1.47857404 -0.95117378
-2.34324431 -1.76164031 -0.79189134
-2.07044554 -1.60413980 -0.74863428
-2.24837565 -1.70686769 -1.00395846
-1.85896742 -1.48204279 -0.90402353
-2.13651443 -1.64228463 -0.89815438
-2.26405954 -1.71592295 -1.00196779
-2.10650635 -1.62495947 -0.83331019
-2.14334369 -1.64622748 -0.92251790
-2.08776188 -1.61413729 -0.78830355
-2.23684597 -1.70021105 -0.68668813
-1.59637153 -1.33043289 -1.01489079
-1.94115710 -1.52949500 -0.85539627
-1.94930434 -1.53419876 -0.93632418
-2.33678126 -1.75790870 -0.95798993
-1.94776845 -1.53331208 -0.90249240
-1.82416236 -1.46194804 -0.99209744
-2.26934719 -1.71897566 -1.01707578
-1.79324675 -1.44409895 -0.90006667
-1.94090414 -1.52934897 -0.84489948
-2.30904675 -1.74189615 -0.67979336
-1.72492433 -1.40465295 -0.91501403
-2.34938502 -1.76518548 -0.76051104
-2.11245871 -1.62839615 -0.90591657
-2.14090228 -1.64481795 -0.88832670
-1.89052081 -1.50026011 -0.87771684
-1.85880458 -1.48194873 -0.98556113
-2.11629963 -1.63061357 -0.69962537
-2.32122850 -1.74892938 -0.65942675
-1.97158945 -1.54706514 -0.80484396
-2.34890461 -1.76490819 -0.57552618
-2.34200883 -1.76092684 -0.83614826
-2.15322518 -1.65193260 -0.86416250
-2.11838531 -1.63181782 -0.73742437
-1.90646005 -1.50946259 -0.80230904
-2.13878703 -1.64359677 -0.95087415
-1.65145898 -1.36223769 -0.96780616
-1.99298418 -1.55941737 -0.81738275
-1.64439976 -1.35816205 -0.97204655
-1.71738076 -1.40029764 -0.91242576
-2.15705872 -1.65414596 -0.95634264
-1.99889576 -1.56283045 -0.97722387
-1.94357860 -1.53089309 -0.78503346
-1.76666582 -1.42875242 -0.96687955
-1.85458398 -1.47951198 -0.84693301
-2.27919030 -1.72465861 -0.63949972
-2.28665113 -1.72896612 -0.74288195
-2.21469522 -1.68742228 -0.90649378
-1.89341676 -1.50193202 -0.86040229
-2.29987526 -1.73660111 -0.62275529
-1.85678267 -1.48078132 -0.98313040
-1.97421944 -1.54858351 -0.88825798
-1.78597307 -1.43989944 -1.01243687
-2.28665566 -1.72896886 -0.75055140
-1.71765947 -1.40045857 -1.01954889
-1.91908669 -1.51675260 -0.92579716
-2.29018426 -1.73100591 -0.69427377
-2.27139711 -1.72015917 -0.86120343
-2.33873868 -1.75903881 -0.72486287
-2.22029591 -1.69065595 -0.75671011
-2.16120577 -1.65654016 -0.73559898
-2.15773177 -1.65453446 -0.86668760
-2.12437487 -1.63527584 -1.01223171
-1.92951286 -1.52277219 -0.80801433
-1.73717237 -1.41172433 -1.01140201
-2.00844288 -1.56834257 -0.96996856
-2.29335475 -1.73283648 -0.88331759
-2.00421596 -1.56590211 -0.76750273
-1.65362847 -1.36349022 -0.99166650
-2.09674478 -1.61932361 -1.02119017
-2.09800649 -1.62005210 -0.95624220
-1.78398597 -1.43875217 -1.01205885
-2.32759213 -1.75260341 -0.64554304
-1.97679663 -1.55007148 -0.79577959
-2.04742360 -1.59084797 -0.75165355
-1.82417738 -1.46195662 -0.91123438
-1.86180878 -1.48368323 -0.92586398
-1.95854127 -1.53953171 -0.91103297
-1.94020760 -1.52894676 -0.85826403
-1.92686677 -1.52124453 -0.93125129
-2.25898767 -1.71299458 -0.99837357
-2.17220592 -1.66289115 -0.83494896
-2.14864993 -1.64929104 -0.96295869
-2.08466172 -1.61234748 -0.84526700
-2.27932358 -1.72473550 -0.91197240
-1.57817006 -1.31992424 -1.00490963
-1.97489119 -1.54897141 -1.00267005
-1.99875629 -1.56274986 -0.90993434
-1.94879234 -1.53390324 -0.88687283
-1.90665710 -1.50957644 -0.99083245
-2.13200903 -1.63968337 -0.93784022
-2.29413509 -1.73328698 -0.79522902
-1.64457619 -1.35826385 -0.96647584
-2.24041867 -1.70227373 -0.93231493
-1.93200552 -1.52421129 -0.92758048
-2.25731921 -1.71203136 -0.83605456
-2.30625486 -1.74028432 -0.61866421
-1.85475123 -1.47960854 -0.93623805
-2.31280231 -1.74406445 -0.82295197
-2.10829830 -1.62599397 -0.86698514
-2.00589323 -1.56687045 -0.77031344
-2.22803497 -1.69512403 -0.89005774
-2.35222340 -1.76682436 -0.75947601
-2.08595896 -1.61309648 -0.97852695
-2.03075433 -1.58122396 -0.79013282
-1.78950047 -1.44193602 -0.92921168
-2.11846972 -1.63186646 -0.81563902
-2.11813211 -1.63167167 -0.95417786
-2.28260374 -1.72662938 -0.79554492
-2.09230423 -1.61675978 -0.79697639
-1.84293401 -1.47278583 -0.95952815
-2.20250893 -1.68038654 -0.79878962
-2.06534958 -1.60119760 -0.96640652
-2.11424541 -1.62942755 -0.88766223
-1.89810181 -1.50463700 -0.89821953
-2.34458232 -1.76241267 -0.97751635
-2.26187944 -1.71466422 -0.80679661
-2.29977155 -1.73654115 -0.87450230
-1.79897821 -1.44740796 -0.89667207
-2.00691581 -1.56746089 -0.95045078
-1.85314178 -1.47867930 -0.83941633
-1.87092316 -1.48894536 -0.94097680
-2.04975176 -1.59219217 -0.87532490
-2.14246202 -1.64571846 -0.90480494
-1.99528718 -1.56074703 -0.96651632
-1.78527379 -1.43949568 -0.94029158
-1.70497072 -1.39313269 -1.02207482
-1.82540762 -1.46266699 -0.93648511
-2.04536963 -1.58966219 -0.96280587
-2.30367851 -1.73879683 -0.73869056
-1.94430089 -1.53131008 -0.86697739
-2.35309410 -1.76058483 -0.53383493
-2.32106090 -1.75001657 -0.52766418
-2.35451293 -1.75936258 -0.53410828
-2.29234433 -1.75473273 -0.52213234
-2.30361700 -1.75743461 -0.52430391
-2.28999925 -1.75560701 -0.52168059
-2.26860189 -1.76148605 -0.96344042
-2.26860189 -1.75792325 -0.92940515
-2.26860189 -1.75599277 -0.86606026
-2.26860189 -1.75071645 -0.97084635
-2.26860189 -1.76313496 -0.98361695
-2.26860189 -1.75184882 -0.73412228
-2.26860189 -1.75754118 -0.77819747
-2.26860189 -1.75978994 -0.85617805
-2.26860189 -1.75410163 -0.92010945
-2.26860189 -1.75930226 -0.87828231
-2.26860189 -1.75279605 -0.65397650
-2.26860189 -1.75436175 -0.65949786
-2.26860189 -1.76533055 -0.97764468
-2.26860189 -1.76462090 -0.76516145
-2.26860189 -1.75855255 -0.52090073
-2.26860189 -1.76119161 -0.64002353
-2.26860189 -1.75933063 -0.68439192
-2.26860189 -1.76252806 -0.73630345
-2.26860189 -1.76007807 -0.80056030
-2.26860189 -1.76468670 -0.83646208
-2.26860189 -1.76288903 -0.52844650
-2.26860189 -1.75829279 -0.77094644
-2.26860189 -1.76543784 -0.78661728
-2.26860189 -1.75861299 -0.58682382
-2.30232406 -1.75144970 -0.99900001
-2.27079725 -1.75815368 -0.99900001
-2.30861330 -1.75092316 -0.94763619
-2.30861330 -1.76396644 -0.89482063
-2.30861330 -1.75072634 -0.97924608
-2.30861330 -1.75706279 -0.96653771
-2.30861330 -1.76267576 -0.91222721
-2.30861330 -1.75918889 -0.99281645
-2.36306977 -1.75439763 -0.78105932
-2.34884000 -1.75850308 -0.79489291
-2.35237384 -1.76489162 -0.79145736
-2.39898705 -1.76031983 -0.74614179
-2.41884494 -1.76453269 -0.60013783
-2.41655803 -1.75651181 -0.61713696
-2.40906072 -1.75692296 -0.67286706
-2.41956735 -1.75123930 -0.59476912
-2.40260053 -1.75578678 -0.72088671
-2.40450358 -1.75707078 -0.70674080
-2.39971757 -1.76080036 -0.74231648
-2.40127826 -1.75363433 -0.73071575
-2.35699964 -1.74971616 -0.56604123
-2.32743430 -1.74971616 -0.54819822
-2.34627008 -1.74971616 -0.56453604
-2.32811737 -1.74971616 -0.53133166
-2.34460735 -1.74971616 -0.53784984
-2.36425424 -1.74971616 -0.54299867
-2.35542035 -1.74971616 -0.54614180
-2.32197928 -1.74971616 -0.53916669
-2.32639813 -1.74971616 -0.55421185
-2.29517698 -1.74971616 -0.53491431
-2.33330655 -1.74971616 -0.56074810
-2.29211020 -1.74971616 -0.53388315
-2.28267121 -1.74971616 -0.52769703
-2.33744931 -1.74971616 -0.57053089
-2.30118632 -1.74971616 -0.54311198
-2.34345412 -1.74971616 -0.58086860
-2.32128978 -1.74971616 -0.56369984
-2.31472421 -1.74971616 -0.55840671
-2.36218333 -1.74971616 -0.65865880
-2.35959864 -1.74971616 -0.61759228
-2.36702394 -1.74971616 -0.72295201
-2.36351776 -1.74971616 -0.61468887
-2.35720181 -1.74971616 -0.60476714
-2.35951090 -1.74971616 -0.63661873
-2.36713839 -1.74971616 -0.67920059
-2.36758256 -1.74971616 -0.67470378
-2.36726975 -1.74971616 -0.63091052
-2.35543251 -1.74971616 -0.65459281
-2.34156394 -1.74971616 -0.63536376
-2.32817984 -1.74971616 -0.63259012
-2.34113550 -1.74971616 -0.64292639
-2.35384226 -1.74971616 -0.64689595
-2.32069516 -1.74971616 -0.59541047
-2.35562611 -1.74971616 -0.63661724
-2.32900119 -1.74971616 -0.64450616
-2.34460235 -1.74971616 -0.64697397
-2.29679441 -1.74971616 -0.56727445
-2.34353805 -1.74971616 -0.59715044
-2.32797074 -1.74971616 -0.59238940
-2.29311061 -1.74971616 -0.57154626
-2.34813762 -1.74971616 -0.60789680
-2.32553482 -1.74971616 -0.58475435
-2.32283449 -1.74971616 -0.61297119
-2.37040138 -1.74971616 -0.68502659
-2.35009933 -1.74971616 -0.70183021
-2.37157130 -1.74971616 -0.70210272
-2.37281036 -1.74971616 -0.67029160
-2.37447786 -1.74971616 -0.66413498
-2.32195449 -1.74971616 -0.63934457
-2.37683082 -1.74971616 -0.63092285
-2.37838292 -1.74971616 -0.69210732
-2.37799716 -1.74971616 -0.63329744
-2.37734699 -1.74971616 -0.64735705
-2.38378811 -1.74971616 -0.62166929
-2.38080740 -1.74971616 -0.66516107
-2.38175178 -1.74971616 -0.70140469
-2.38305020 -1.74971616 -0.69514912
-2.39558887 -1.74971616 -0.65030211
-2.38842702 -1.74971616 -0.65405369
-2.39930606 -1.74971616 -0.66187531
-2.38982725 -1.74971616 -0.66479230
-2.39035249 -1.74971616 -0.61619890
-2.41081595 -1.74971616 -0.61259794
-2.38612366 -1.74971616 -0.63674659
-2.38916802 -1.74971616 -0.61433989
-2.38581085 -1.74971616 -0.66535801
-2.40665865 -1.74971616 -0.63991326
-2.40370250 -1.74971616 -0.65407670
-2.35058093 -1.74971616 -0.76759082
-2.39609528 -1.74971616 -0.74650538
-2.36232114 -1.74971616 -0.78056610
-2.40241170 -1.74971616 -0.68131268
-2.39890885 -1.74971616 -0.72459328
-2.40353823 -1.74971616 -0.69133139
-2.41540170 -1.74971616 -0.61991578
-2.33879185 -1.74971616 -0.79694939
-2.35013294 -1.74971616 -0.70499986
-2.28986764 -1.74971616 -0.59539497
-2.32594442 -1.74971616 -0.78436297
-2.34779763 -1.74971616 -0.70937878
-2.33195591 -1.74971616 -0.74791318
-2.33446765 -1.74971616 -0.78536052
-2.34305644 -1.74971616 -0.75764632
-2.32235837 -1.74971616 -0.71785396
-2.27915835 -1.74971616 -0.56920147
-2.32191443 -1.74971616 -0.69140887
-2.30385518 -1.74971616 -0.62727439
-2.31242681 -1.74971616 -0.64757150
-2.33243322 -1.74971616 -0.70617080
-2.34471059 -1.74971616 -0.72744060
-2.35397768 -1.74971616 -0.71624893
-2.29113507 -1.74971616 -0.59228694
-2.32159853 -1.74971616 -0.68818146
-2.34854674 -1.74971616 -0.73480779
-2.34932566 -1.74971616 -0.74583578
-2.30144501 -1.74971616 -0.60475868
-2.32527161 -1.74971616 -0.69858760
-2.34464002 -1.74971616 -0.74141723
-2.33372664 -1.74971616 -0.71790868
-2.31739759 -1.74971616 -0.76353002
-2.28947449 -1.74971616 -0.62714779
-2.30294108 -1.74971616 -0.70676184
-2.31768537 -1.74971616 -0.80138165
-2.31278944 -1.74971616 -0.77824789
-2.29348016 -1.74971616 -0.66957170
-2.31029201 -1.74971616 -0.77945340
-2.30963540 -1.74971616 -0.79650903
-2.31146550 -1.74971616 -0.81202549
-2.31252384 -1.74971616 -0.83401495
-2.28086066 -1.74971616 -0.60868412
-2.29675484 -1.74971616 -0.91711372
-2.30699658 -1.74971616 -0.87900126
-2.29188085 -1.74971616 -0.93331760
-2.28613687 -1.74971616 -0.96488339
-2.30769730 -1.74971616 -0.95468640
-2.29238582 -1.74971616 -0.97437978
-2.28744006 -1.74971616 -0.94970107
-2.29762459 -1.74971616 -0.91799968
-2.30253029 -1.74971616 -0.91087073
-2.27749896 -1.74971616 -0.79430044
-2.29238963 -1.74971616 -0.89789927
-2.29786301 -1.74971616 -0.79019535
-2.29137206 -1.74971616 -0.79147649
-2.27436709 -1.74971616 -0.94039506
-2.27360320 -1.74971616 -0.68920916
-2.26881528 -1.74971616 -0.98349923
-2.26988220 -1.74971616 -0.56307089
-2.27737069 -1.74971616 -0.76692665
-2.27146864 -1.74971616 -0.89903927
-2.28082967 -1.74971616 -0.95907694
-2.28256536 -1.74971616 -0.82593364
-2.29378390 -1.74971616 -0.88545984
-2.29108882 -1.74971616 -0.79804319
-2.28902578 -1.74971616 -0.71819568
-2.28502393 -1.74971616 -0.85749680
-2.27506685 -1.74971616 -0.97380286
-2.29925728 -1.74971616 -0.82742101
-2.28875303 -1.74971616 -0.72707587
-2.30023909 -1.74971616 -0.80871469
-2.27963018 -1.74971616 -0.85872072
-2.28681827 -1.74971616 -0.90748757
-2.29899859 -1.74971616 -0.81126028
-2.28813171 -1.74971616 -0.89598751
-2.27184081 -1.74971616 -0.67876202
-2.26866245 -1.74971616 -0.61662513
-2.27573538 -1.74971616 -0.86829269
-2.28633761 -1.74971616 -0.84514093
-2.28270555 -1.74971616 -0.65912700
-2.27665377 -1.74971616 -0.89255887
-2.29423213 -1.74971616 -0.73116887
-2.30910325 -1.74971616 -0.85166866
-2.30170584 -1.74971616 -0.78348154
-2.31186676 -1.74971616 -0.84574914
-2.34008121 -1.76571620 -0.55355543
-2.30457830 -1.76571620 -0.53666639
-2.35410142 -1.76571620 -0.56585670
-2.30756831 -1.76571620 -0.54267389
-2.32961106 -1.76571620 -0.55802637
-2.29814482 -1.76571620 -0.53768349
-2.32947111 -1.76571620 -0.56150144
-2.31404924 -1.76571620 -0.55150217
-2.28528452 -1.76571620 -0.53098500
-2.33003426 -1.76571620 -0.56780875
-2.32425117 -1.76571620 -0.56527060
-2.32597160 -1.76571620 -0.53448069
-2.32015800 -1.76571620 -0.53447437
-2.34215093 -1.76571620 -0.53704280
-2.35324907 -1.76571620 -0.55589658
-2.33969903 -1.76571620 -0.54068160
-2.40299249 -1.76571620 -0.65566027
-2.38899565 -1.76571620 -0.66959995
-2.40981078 -1.76571620 -0.59822017
-2.38870811 -1.76571620 -0.68738228
-2.39612389 -1.76571620 -0.66531813
-2.38627648 -1.76571620 -0.68941367
-2.39114928 -1.76571620 -0.61510438
-2.38752770 -1.76571620 -0.63205856
-2.38917756 -1.76571620 -0.71603972
-2.38492465 -1.76571620 -0.68819922
-2.38441777 -1.76571620 -0.63436860
-2.40481043 -1.76571620 -0.65536296
-2.38307285 -1.76571620 -0.65698189
-2.38266730 -1.76571620 -0.61316317
-2.37917662 -1.76571620 -0.68422508
-2.38076305 -1.76571620 -0.61187410
-2.37571383 -1.76571620 -0.61565346
-2.37469935 -1.76571620 -0.63351661
-2.40831351 -1.76571620 -0.65341556
-2.41104126 -1.76571620 -0.64904815
-2.40752554 -1.76571620 -0.66978413
-2.39396429 -1.76571620 -0.72952306
-2.37234282 -1.76571620 -0.65983057
-2.37329698 -1.76571620 -0.66900808
-2.37443519 -1.76571620 -0.67252374
-2.37008023 -1.76571620 -0.64410442
-2.36943126 -1.76571620 -0.64613158
-2.36741710 -1.76571620 -0.64072102
-2.36718488 -1.76571620 -0.66887385
-2.36817670 -1.76571620 -0.71641117
-2.36153340 -1.76571620 -0.60575491
-2.36568832 -1.76571620 -0.66975784
-2.36136079 -1.76571620 -0.63628042
-2.36370969 -1.76571620 -0.66628355
-2.35859370 -1.76571620 -0.63816589
-2.36163211 -1.76571620 -0.67136341
-2.36447978 -1.76571620 -0.70424610
-2.36012769 -1.76571620 -0.68278849
-2.31259012 -1.76571620 -0.57841980
-2.32530785 -1.76571620 -0.59917289
-2.33948779 -1.76571620 -0.59079945
-2.35323596 -1.76571620 -0.68392897
-2.31196046 -1.76571620 -0.58725208
-2.33670545 -1.76571620 -0.60192013
-2.32179809 -1.76571620 -0.58596551
-2.34931803 -1.76571620 -0.67747372
-2.35127544 -1.76571620 -0.60241783
-2.34400249 -1.76571620 -0.67691481
-2.32148075 -1.76571620 -0.57845908
-2.34274411 -1.76571620 -0.61416417
-2.30263114 -1.76571620 -0.58181787
-2.32147598 -1.76571620 -0.57433546
-2.31705785 -1.76571620 -0.62325203
-2.34635806 -1.76571620 -0.65381855
-2.35380816 -1.76571620 -0.71007591
-2.33805561 -1.76571620 -0.67700076
-2.37779117 -1.76571620 -0.76669538
-2.36728001 -1.76571620 -0.77264208
-2.35799742 -1.76571620 -0.75148922
-2.34710622 -1.76571620 -0.77987307
-2.28893018 -1.76571620 -0.61330366
-2.32994509 -1.76571620 -0.70404583
-2.32697630 -1.76571620 -0.65542805
-2.33070469 -1.76571620 -0.78985476
-2.31516504 -1.76571620 -0.66142958
-2.34080935 -1.76571620 -0.71554333
-2.34592628 -1.76571620 -0.73269403
-2.32141972 -1.76571620 -0.64642501
-2.34619021 -1.76571620 -0.76813346
-2.32462811 -1.76571620 -0.73704731
-2.29542065 -1.76571620 -0.61600125
-2.30773902 -1.76571620 -0.66224098
-2.34378314 -1.76571620 -0.76664740
-2.33434153 -1.76571620 -0.79571778
-2.35064840 -1.76571620 -0.70675159
-2.28957438 -1.76571620 -0.59049064
-2.34475398 -1.76571620 -0.73557657
-2.27696657 -1.76571620 -0.54737455
-2.33261347 -1.76571620 -0.75876534
-2.30524778 -1.76571620 -0.64409667
-2.32160664 -1.76571620 -0.70461804
-2.28231859 -1.76571620 -0.55919093
-2.33932805 -1.76571620 -0.76847142
-2.27339435 -1.76571620 -0.54158014
-2.29190731 -1.76571620 -0.64540082
-2.31606650 -1.76571620 -0.76331478
-2.32072973 -1.76571620 -0.81798714
-2.28543425 -1.76571620 -0.61145091
-2.31647420 -1.76571620 -0.80901432
-2.28491020 -1.76571620 -0.61638391
-2.31633401 -1.76571620 -0.82609886
-2.27736974 -1.76571620 -0.57429320
-2.31220102 -1.76571620 -0.82697600
-2.27761579 -1.76571620 -0.58144051
-2.28671598 -1.76571620 -0.65062672
-2.29888868 -1.76571620 -0.96089929
-2.30446053 -1.76571620 -0.94810861
-2.29870129 -1.76571620 -0.95360118
-2.29749584 -1.76571620 -0.95386213
-2.30395007 -1.76571620 -0.91805071
-2.30697465 -1.76571620 -0.93763375
-2.30813265 -1.76571620 -0.99765444
-2.29817295 -1.76571620 -0.90733111
-2.29770637 -1.76571620 -0.91109502
-2.29330182 -1.76571620 -0.92725366
-2.27647638 -1.76571620 -0.70501792
-2.29413867 -1.76571620 -0.77404988
-2.27241898 -1.76571620 -0.72079700
-2.28643465 -1.76571620 -0.90860969
-2.28079867 -1.76571620 -0.93798250
-2.29421210 -1.76571620 -0.86664021
-2.26956320 -1.76571620 -0.91571891
-2.27492237 -1.76571620 -0.86706948
-2.28674650 -1.76571620 -0.92660409
-2.29440045 -1.76571620 -0.87142724
-2.28319383 -1.76571620 -0.82116073
-2.27106738 -1.76571620 -0.77591103
-2.29376745 -1.76571620 -0.84127253
-2.27284217 -1.76571620 -0.60941648
-2.30159712 -1.76571620 -0.89427692
-2.29156208 -1.76571620 -0.86711574
-2.28094506 -1.76571620 -0.86585790
-2.27609611 -1.76571620 -0.90584409
-2.27199292 -1.76571620 -0.71206611
-2.27595806 -1.76571620 -0.94068974
-2.29914141 -1.76571620 -0.87521803
-2.28057981 -1.76571620 -0.91178477
-2.26871777 -1.76571620 -0.92531550
-2.28462839 -1.76571620 -0.90057433
-2.28833985 -1.76571620 -0.91564655
-2.28749824 -1.76571620 -0.92870086
-2.27510190 -1.76571620 -0.81616056
-2.28461289 -1.76571620 -0.85916239
-2.28930569 -1.76571620 -0.71493632
-2.26953006 -1.76571620 -0.83535576
-2.28222847 -1.76571620 -0.63219792
-2.30323219 -1.76571620 -0.80132127
-2.29378891 -1.76571620 -0.71545058
-2.31256604 -1.76571620 -0.85181963
-1.32668936 -1.52114213 -0.25895333
-1.31783724 -1.51603127 -0.25613791
-1.31673825 -1.51539671 -0.26324835
-1.33753014 -1.52740085 -0.26487109
-1.35211992 -1.53582430 -0.26547787
-1.35032165 -1.53478611 -0.25877666
-1.30749977 -1.50726271 -0.26958501
-1.26409519 -1.45176113 -0.25435299
-1.30850089 -1.50854290 -0.26511699
-1.30171323 -1.49986351 -0.26868451
-1.29090965 -1.48604894 -0.25998765
-1.27823317 -1.46983945 -0.25291511
-1.25830674 -1.44435954 -0.25189647
-1.29169917 -1.48705852 -0.25450146
-1.19813907 -1.36742294 -0.27109709
-1.21275640 -1.38611412 -0.27397415
-1.26491821 -1.45281363 -0.27499151
-1.25923860 -1.44555116 -0.27091610
-1.22088611 -1.39650965 -0.26175955
-1.19867587 -1.36810935 -0.26028007
-1.19746673 -1.36656320 -0.27101701
-1.19564569 -1.36423469 -0.26197985
-1.29672706 -1.21288323 -0.25451419
-1.33715928 -1.22345185 -0.25553676
-1.31680942 -1.21813250 -0.25473407
-1.32604647 -1.22054708 -0.26783392
-1.34277785 -1.22492051 -0.25494751
-1.30160463 -1.21415818 -0.26803049
-1.31373560 -1.21732914 -0.26846486
-1.35123575 -1.22713125 -0.25412384
-1.44599426 -1.25190020 -0.27345645
-1.40449178 -1.24105191 -0.26271674
-1.42313445 -1.24592483 -0.27124766
-1.47083998 -1.25839460 -0.25176808
-1.37245023 -1.23267651 -0.27397779
-1.47218990 -1.25874746 -0.25745368
-1.34788692 -1.22625589 -0.27534077
-1.44867754 -1.25260162 -0.26643699
-1.47482467 -1.26025784 -0.25573161
-1.48099518 -1.26382041 -0.26101348
-1.49437809 -1.27154696 -0.27329427
-1.50204670 -1.27597439 -0.26305908
-1.49657881 -1.31657338 -0.25972936
-1.44159877 -1.41180146 -0.25779474
-1.40776050 -1.47041118 -0.25188467
-1.36757457 -1.54001522 -0.25118330
-1.51487911 -1.28487635 -0.26045150
-1.51024461 -1.29290342 -0.25682288
-1.48684824 -1.33342707 -0.26707965
-1.45362926 -1.39096415 -0.25546065
-1.44963813 -1.39787710 -0.25371248
-1.43447709 -1.42413652 -0.26093674
-1.49480414 -1.31964719 -0.25963894
-1.49949253 -1.31152654 -0.26621813
-1.37974906 -1.51892841 -0.25528866
-1.38089216 -1.51694846 -0.27403286
-1.44677544 -1.40283525 -0.26792556
-1.36805701 -1.53917968 -0.27437627
-1.46958268 -1.36333191 -0.27360523
-1.44451833 -1.40674472 -0.26795456
-1.36903000 -1.53749442 -0.27081472
-1.40080929 -1.48245096 -0.25720337
-1.41801357 -1.45265234 -0.27213672
-1.42945170 -1.43284082 -0.27511021
-1.40716302 -1.47144616 -0.27452227
-1.41708195 -1.45426595 -0.26673272
-1.51201177 -1.28932273 -0.27599999
-1.40249586 -1.47766018 -0.27599999
-1.49966645 -1.28913140 -0.27599999
-1.41978216 -1.41681612 -0.27599999
-1.38160527 -1.51133168 -0.27599999
-1.47529435 -1.28369606 -0.27599999
-1.49315202 -1.29400480 -0.27599999
-1.46102250 -1.36098826 -0.27599999
-1.40165281 -1.47046483 -0.27599999
-1.46980023 -1.28644216 -0.27599999
-1.49750805 -1.28583348 -0.27599999
-1.43062353 -1.39005959 -0.27599999
-1.46093142 -1.36297727 -0.27599999
-1.50522351 -1.27999651 -0.27599999
-1.50587356 -1.29002464 -0.27599999
-1.43318391 -1.40205085 -0.27599999
-1.45950329 -1.34335172 -0.27599999
-1.43643224 -1.40979683 -0.27599999
-1.47524250 -1.33488142 -0.27599999
-1.41561520 -1.42765141 -0.27599999
-1.39967573 -1.45755172 -0.27599999
-1.45704651 -1.35790348 -0.27599999
-1.41885340 -1.42112207 -0.27599999
-1.28848147 -1.28908587 -0.27599999
-1.34260154 -1.27820921 -0.27599999
-1.32998061 -1.28354168 -0.27599999
-1.35370326 -1.27423644 -0.27599999
-1.29731810 -1.22630203 -0.27599999
-1.30256426 -1.26227129 -0.27599999
-1.40770805 -1.25226319 -0.27599999
-1.36747432 -1.25661850 -0.27599999
-1.33218300 -1.22838116 -0.27599999
-1.34676445 -1.23804390 -0.27599999
-1.30031824 -1.24684000 -0.27599999
-1.30138850 -1.23866856 -0.27599999
-1.30393982 -1.26955318 -0.27599999
-1.29474962 -1.22372496 -0.27599999
-1.38963139 -1.25309837 -0.27599999
-1.32948768 -1.27045798 -0.27599999
-1.40572631 -1.24668109 -0.27599999
-1.32068110 -1.27325308 -0.27599999
-1.39898741 -1.24273837 -0.27599999
-1.30747366 -1.26790249 -0.27599999
-1.30099607 -1.26295853 -0.27599999
-1.37018132 -1.26691258 -0.27599999
-1.28336883 -1.27797949 -0.27599999
-1.31831050 -1.22300160 -0.27599999
-1.35863733 -1.23230922 -0.27599999
-1.40492833 -1.27195656 -0.27599999
-1.44159365 -1.26517153 -0.27599999
-1.30169225 -1.29684627 -0.27599999
-1.27721441 -1.27180040 -0.27599999
-1.37820077 -1.28259754 -0.27599999
-1.27357864 -1.26393437 -0.27599999
-1.34080172 -1.29336941 -0.27599999
-1.27290797 -1.26939476 -0.27599999
-1.28085554 -1.31236827 -0.27599999
-1.27198935 -1.24607515 -0.27599999
-1.27349782 -1.22855353 -0.27599999
-1.26695967 -1.23505485 -0.27599999
-1.26681840 -1.23234761 -0.27599999
-1.26886344 -1.24001384 -0.27599999
-1.26163435 -1.21389604 -0.27599999
-1.25965750 -1.20825803 -0.27599999
-1.26037657 -1.24520659 -0.27599999
-1.25305510 -1.25456929 -0.27599999
-1.25428319 -1.23516691 -0.27599999
-1.24731266 -1.22888815 -0.27599999
-1.24650383 -1.24136031 -0.27599999
-1.25041080 -1.23942792 -0.27599999
-1.24715340 -1.25500822 -0.27599999
-1.23843837 -1.23053825 -0.27599999
-1.44778943 -1.30854928 -0.27599999
-1.45280337 -1.29848015 -0.27599999
-1.40316379 -1.40423536 -0.27599999
-1.35654271 -1.48082376 -0.27599999
-1.41027153 -1.35847378 -0.27599999
-1.35255313 -1.45630240 -0.27599999
-1.41551864 -1.39331150 -0.27599999
-1.39983380 -1.40184271 -0.27599999
-1.35493898 -1.45912886 -0.27599999
-1.39076054 -1.44069159 -0.27599999
-1.36348736 -1.48228180 -0.27599999
-1.37754428 -1.43425417 -0.27599999
-1.34838891 -1.52632749 -0.27599999
-1.35760951 -1.50945401 -0.27599999
-1.34646487 -1.45940793 -0.27599999
-1.41665924 -1.35560060 -0.27599999
-1.37792706 -1.49199975 -0.27599999
-1.42402601 -1.37229753 -0.27599999
-1.41769326 -1.37226844 -0.27599999
-1.37885559 -1.44037294 -0.27599999
-1.38190627 -1.46512163 -0.27599999
-1.34626925 -1.48203826 -0.27599999
-1.41818643 -1.37455583 -0.27599999
-1.41157293 -1.36213660 -0.27599999
-1.37659585 -1.49638665 -0.27599999
-1.34239495 -1.47828996 -0.27599999
-1.36586201 -1.47077596 -0.27599999
-1.38729036 -1.43885863 -0.27599999
-1.30116260 -1.35042012 -0.27599999
-1.36646307 -1.36110997 -0.27599999
-1.36085832 -1.38890517 -0.27599999
-1.39837682 -1.33187318 -0.27599999
-1.39799654 -1.34718692 -0.27599999
-1.30953717 -1.34076250 -0.27599999
-1.34865248 -1.43898726 -0.27599999
-1.31229329 -1.38179243 -0.27599999
-1.35470581 -1.34474909 -0.27599999
-1.30952549 -1.36744213 -0.27599999
-1.32889915 -1.34302163 -0.27599999
-1.29372072 -1.35796547 -0.27599999
-1.42931902 -1.32110083 -0.27599999
-1.39287043 -1.29317355 -0.27599999
-1.44704843 -1.29647994 -0.27599999
-1.38127446 -1.33623827 -0.27599999
-1.29393172 -1.33975351 -0.27599999
-1.35221255 -1.39048815 -0.27599999
-1.46150398 -1.27173364 -0.27599999
-1.31490672 -1.43724060 -0.27599999
-1.36804795 -1.37968373 -0.27599999
-1.43155491 -1.31364787 -0.27599999
-1.32452512 -1.31308424 -0.27599999
-1.32680881 -1.37055910 -0.27599999
-1.32394171 -1.42748260 -0.27599999
-1.31470740 -1.35488737 -0.27599999
-1.32671678 -1.33820713 -0.27599999
-1.35487044 -1.34862733 -0.27599999
-1.35498774 -1.32078469 -0.27599999
-1.36565912 -1.34127057 -0.27599999
-1.30453312 -1.43454099 -0.27599999
-1.30158699 -1.31519580 -0.27599999
-1.38315451 -1.28558254 -0.27599999
-1.43354833 -1.29969573 -0.27599999
-1.33902168 -1.32107675 -0.27599999
-1.38416457 -1.31272018 -0.27599999
-1.30674756 -1.41058648 -0.27599999
-1.35260379 -1.29935265 -0.27599999
-1.38867354 -1.30155838 -0.27599999
-1.37377417 -1.37249339 -0.27599999
-1.30518746 -1.38389289 -0.27599999
-1.34448349 -1.36946154 -0.27599999
-1.36475408 -1.29511189 -0.27599999
-1.33686364 -1.36110711 -0.27599999
-1.31933975 -1.38006508 -0.27599999
-1.37523365 -1.28666115 -0.27599999
-1.34640825 -1.40510869 -0.27599999
-1.39688218 -1.32540619 -0.27599999
-1.40286303 -1.28623199 -0.27599999
-1.39165521 -1.33283544 -0.27599999
-1.35401559 -1.42879951 -0.27599999
-1.32039821 -1.47268045 -0.27599999
-1.32777786 -1.42735207 -0.27599999
-1.43116760 -1.30908167 -0.27599999
-1.41941941 -1.29055107 -0.27599999
-1.39925003 -1.31687117 -0.27599999
-1.29520869 -1.40278065 -0.27599999
-1.34223771 -1.36275780 -0.27599999
-1.41854501 -1.28498888 -0.27599999
-1.34410059 -1.30613780 -0.27599999
-1.33124149 -1.30298114 -0.27599999
-1.28750348 -1.36812866 -0.27599999
-1.29633236 -1.42657220 -0.27599999
-1.27472699 -1.32748234 -0.27599999
-1.29216468 -1.42042911 -0.27599999
-1.28092432 -1.38492346 -0.27599999
-1.28690004 -1.41051972 -0.27599999
-1.29499197 -1.44958556 -0.27599999
-1.22677612 -1.21290183 -0.27599999
-1.23896277 -1.23826349 -0.27599999
-1.28722179 -1.42772996 -0.27599999
-1.22425556 -1.21879268 -0.27599999
-1.22335339 -1.22081769 -0.27599999
-1.23972738 -1.26500332 -0.27599999
-1.22615886 -1.24280095 -0.27599999
-1.21159613 -1.22013688 -0.27599999
-1.21449101 -1.22895920 -0.27599999
-1.22728539 -1.25494397 -0.27599999
-1.23219383 -1.26307929 -0.27599999
-1.20071793 -1.22862029 -0.27599999
-1.21142244 -1.24529350 -0.27599999
-1.22602296 -1.26664984 -0.27599999
-1.20159364 -1.24627638 -0.27599999
-1.22077894 -1.26474297 -0.27599999
-1.19122529 -1.24033964 -0.27599999
-1.19668818 -1.25506866 -0.27599999
-1.19744456 -1.25634146 -0.27599999
-1.18533659 -1.25314260 -0.27599999
-1.20144939 -1.26476085 -0.27599999
-1.22498262 -1.27861500 -0.27599999
-1.17539132 -1.25877452 -0.27599999
-1.20542431 -1.27502477 -0.27599999
-1.21344304 -1.27993143 -0.27599999
-1.19091165 -1.27796888 -0.27599999
-1.17678785 -1.26889396 -0.27599999
-1.23549688 -1.33077610 -0.27599999
-1.22998047 -1.33176887 -0.27599999
-1.24004090 -1.32449782 -0.27599999
-1.23701382 -1.32230115 -0.27599999
-1.23517525 -1.31906593 -0.27599999
-1.23021019 -1.31992316 -0.27599999
-1.27951074 -1.41567385 -0.27599999
-1.28525841 -1.42686462 -0.27599999
-1.25772750 -1.36185527 -0.27599999
-1.22893000 -1.40542829 -0.27599999
-1.20434046 -1.36411166 -0.27599999
-1.23582172 -1.33885896 -0.27599999
-1.23570919 -1.34708261 -0.27599999
-1.24125469 -1.36602664 -0.27599999
-1.28041518 -1.45803356 -0.27599999
-1.25263131 -1.39148653 -0.27599999
-1.22575390 -1.37456405 -0.27599999
-1.28337419 -1.46911514 -0.27599999
-1.22272384 -1.35972250 -0.27599999
-1.25224996 -1.42370534 -0.27599999
-1.24637997 -1.35126328 -0.27599999
-1.25886834 -1.41389239 -0.27599999
-1.26139307 -1.38030958 -0.27599999
-1.22401500 -1.37055063 -0.27599999
-1.23566711 -1.34006035 -0.27599999
-1.22925961 -1.36601090 -0.27599999
-1.28444123 -1.44057250 -0.27599999
-1.20034730 -1.28261983 -0.27599999
-1.19094670 -1.35555995 -0.27599999
-1.18887079 -1.28608739 -0.27599999
-1.17192352 -1.28338683 -0.27599999
-1.20526683 -1.33372092 -0.27599999
-1.18810570 -1.34690094 -0.27599999
-1.17889833 -1.28755689 -0.27599999
-1.19165099 -1.33696163 -0.27599999
-1.20902324 -1.29338801 -0.27599999
-1.19461071 -1.29091120 -0.27599999
-1.21549070 -1.31912899 -0.27599999
-1.18523085 -1.34001637 -0.27599999
-1.19520855 -1.29966283 -0.27599999
-1.18963325 -1.29649699 -0.27599999
-1.22183084 -1.31186092 -0.27599999
-1.21055996 -1.31739390 -0.27599999
-1.17527854 -1.30164814 -0.27599999
-1.18267608 -1.32959545 -0.27599999
-1.20055068 -1.30516315 -0.27599999
-1.20518887 -1.30343437 -0.27599999
-1.20161235 -1.31184340 -0.27599999
-1.18780577 -1.31861544 -0.27599999
-1.17831337 -1.31596673 -0.27599999
-1.22015226 -1.30402446 -0.27599999
-1.27570653 -1.37329018 -0.25099999
-1.26617205 -1.34647930 -0.25099999
-1.27432275 -1.34786463 -0.25099999
-1.28681803 -1.42564344 -0.25099999
-1.26512158 -1.41577482 -0.25099999
-1.24128509 -1.37021863 -0.25099999
-1.19633174 -1.35665023 -0.25099999
-1.25914085 -1.43084371 -0.25099999
-1.24883318 -1.39186335 -0.25099999
-1.22540331 -1.37793970 -0.25099999
-1.26975548 -1.44017088 -0.25099999
-1.26385832 -1.44256949 -0.25099999
-1.20162427 -1.36857843 -0.25099999
-1.26449144 -1.41158772 -0.25099999
-1.23908460 -1.39421582 -0.25099999
-1.25723743 -1.44277799 -0.25099999
-1.25132370 -1.43354726 -0.25099999
-1.22070181 -1.37835467 -0.25099999
-1.29829967 -1.48298359 -0.25099999
-1.21966863 -1.34934580 -0.25099999
-1.25645447 -1.35923290 -0.25099999
-1.25211561 -1.37812901 -0.25099999
-1.24466562 -1.35986054 -0.25099999
-1.25420225 -1.40532982 -0.25099999
-1.24290717 -1.34066212 -0.25099999
-1.27320862 -1.33388877 -0.25099999
-1.27495468 -1.32283854 -0.25099999
-1.20166397 -1.35178971 -0.25099999
-1.29699934 -1.43360054 -0.25099999
-1.22642064 -1.33562243 -0.25099999
-1.28471148 -1.35734618 -0.25099999
-1.21246254 -1.34337270 -0.25099999
-1.32086575 -1.29956746 -0.25099999
-1.47120416 -1.26233768 -0.25099999
-1.49606121 -1.27616000 -0.25099999
-1.48529553 -1.32324207 -0.25099999
-1.50108731 -1.30593991 -0.25099999
-1.41243315 -1.42383265 -0.25099999
-1.47401309 -1.29926527 -0.25099999
-1.44911170 -1.33584321 -0.25099999
-1.43143272 -1.40736544 -0.25099999
-1.48180842 -1.28280020 -0.25099999
-1.42020202 -1.41801620 -0.25099999
-1.48806739 -1.28011644 -0.25099999
-1.47727561 -1.27184367 -0.25099999
-1.46159494 -1.34767163 -0.25099999
-1.46686244 -1.28731298 -0.25099999
-1.45937335 -1.31112897 -0.25099999
-1.38501561 -1.49291301 -0.25099999
-1.42542565 -1.42045832 -0.25099999
-1.41767657 -1.45173407 -0.25099999
-1.45589173 -1.31760585 -0.25099999
-1.39522767 -1.47607267 -0.25099999
-1.46461809 -1.36336148 -0.25099999
-1.45133507 -1.36102998 -0.25099999
-1.42011750 -1.42944384 -0.25099999
-1.33152711 -1.33850443 -0.25099999
-1.31200957 -1.50909472 -0.25099999
-1.33324933 -1.33984828 -0.25099999
-1.39391768 -1.34029329 -0.25099999
-1.39559257 -1.30358005 -0.25099999
-1.31082952 -1.37712884 -0.25099999
-1.31241286 -1.33473134 -0.25099999
-1.29514313 -1.37357485 -0.25099999
-1.34864569 -1.43769073 -0.25099999
-1.31842113 -1.33802426 -0.25099999
-1.32430422 -1.46298695 -0.25099999
-1.35901630 -1.38085580 -0.25099999
-1.32056320 -1.49632132 -0.25099999
-1.31644070 -1.35311890 -0.25099999
-1.41841769 -1.30375147 -0.25099999
-1.35609448 -1.39696586 -0.25099999
-1.33626842 -1.41535926 -0.25099999
-1.36589193 -1.29929113 -0.25099999
-1.36652637 -1.33026671 -0.25099999
-1.28817177 -1.34423029 -0.25099999
-1.37584877 -1.34822953 -0.25099999
-1.39961183 -1.31534004 -0.25099999
-1.35616672 -1.34959555 -0.25099999
-1.30110359 -1.33556318 -0.25099999
-1.33860695 -1.40008831 -0.25099999
-1.39578986 -1.33814895 -0.25099999
-1.33575726 -1.30216932 -0.25099999
-1.40816295 -1.31907070 -0.25099999
-1.41401029 -1.34867179 -0.25099999
-1.30030656 -1.37319195 -0.25099999
-1.31894636 -1.38104856 -0.25099999
-1.42154860 -1.28582191 -0.25099999
-1.32121480 -1.48463023 -0.25099999
-1.40486217 -1.28088415 -0.25099999
-1.36292338 -1.42330539 -0.25099999
-1.32102501 -1.32696748 -0.25099999
-1.37957537 -1.40125787 -0.25099999
-1.39770925 -1.29306221 -0.25099999
-1.38163090 -1.32381499 -0.25099999
-1.36464763 -1.41354430 -0.25099999
-1.37314737 -1.30426717 -0.25099999
-1.38057923 -1.33069432 -0.25099999
-1.32696831 -1.40409303 -0.25099999
-1.43716240 -1.27211714 -0.25099999
-1.38932931 -1.30327606 -0.25099999
-1.37421727 -1.29879701 -0.25099999
-1.35181904 -1.43749416 -0.25099999
-1.41279066 -1.32958090 -0.25099999
-1.36799884 -1.40299594 -0.25099999
-1.32601345 -1.38506114 -0.25099999
-1.39945126 -1.32476878 -0.25099999
-1.33299291 -1.36786759 -0.25099999
-1.41116261 -1.30556321 -0.25099999
-1.30915380 -1.32321858 -0.25099999
-1.30084169 -1.40974641 -0.25099999
-1.37010467 -1.33024728 -0.25099999
-1.32124472 -1.41648126 -0.25099999
-1.33878243 -1.33215129 -0.25099999
-1.37860584 -1.31544578 -0.25099999
-1.42209005 -1.32320952 -0.25099999
-1.45242250 -1.28388107 -0.25099999
-1.35473442 -1.52983129 -0.25099999
-1.38926387 -1.41992223 -0.25099999
-1.38370907 -1.42948687 -0.25099999
-1.36455119 -1.50963128 -0.25099999
-1.42136300 -1.37705326 -0.25099999
-1.33667326 -1.50787485 -0.25099999
-1.36090350 -1.50588357 -0.25099999
-1.35865939 -1.49447644 -0.25099999
-1.38956273 -1.42104256 -0.25099999
-1.35973120 -1.47207737 -0.25099999
-1.38415349 -1.45570540 -0.25099999
-1.44068730 -1.33580744 -0.25099999
-1.34291875 -1.53043234 -0.25099999
-1.36615562 -1.46924949 -0.25099999
-1.42923617 -1.33114612 -0.25099999
-1.35099602 -1.50327730 -0.25099999
-1.40348041 -1.40717769 -0.25099999
-1.37984467 -1.40817940 -0.25099999
-1.42197978 -1.36452067 -0.25099999
-1.34900117 -1.48802376 -0.25099999
-1.40880072 -1.36449921 -0.25099999
-1.35189509 -1.49758101 -0.25099999
-1.46624207 -1.27358079 -0.25099999
-1.36924267 -1.52915728 -0.25099999
-1.36123800 -1.53000736 -0.25099999
-1.35884595 -1.51291668 -0.25099999
-1.40646327 -1.38808954 -0.25099999
-1.32201755 -1.51281989 -0.25099999
-1.21966267 -1.33491337 -0.25099999
-1.31986868 -1.29804862 -0.25099999
-1.22276855 -1.33129954 -0.25099999
-1.36612785 -1.28459513 -0.25099999
-1.20726097 -1.34003949 -0.25099999
-1.21635449 -1.32712865 -0.25099999
-1.21912909 -1.33055472 -0.25099999
-1.31208372 -1.29509366 -0.25099999
-1.21648276 -1.32191730 -0.25099999
-1.18595338 -1.33793020 -0.25099999
-1.22143030 -1.31920040 -0.25099999
-1.28911245 -1.29894924 -0.25099999
-1.19028187 -1.33140397 -0.25099999
-1.21219289 -1.31930304 -0.25099999
-1.32190418 -1.28758752 -0.25099999
-1.21535134 -1.31158304 -0.25099999
-1.17949188 -1.32308555 -0.25099999
-1.21473038 -1.31368530 -0.25099999
-1.30109096 -1.29057586 -0.25099999
-1.18031359 -1.31981778 -0.25099999
-1.39960945 -1.27001297 -0.25099999
-1.17367864 -1.31948066 -0.25099999
-1.35682118 -1.27455544 -0.25099999
-1.21945751 -1.30318034 -0.25099999
-1.16929710 -1.31294727 -0.25099999
-1.40960765 -1.26649094 -0.25099999
-1.17404926 -1.30562782 -0.25099999
-1.18710423 -1.30370724 -0.25099999
-1.17533481 -1.30027759 -0.25099999
-1.17099607 -1.29993093 -0.25099999
-1.21842992 -1.29547262 -0.25099999
-1.20561624 -1.29157305 -0.25099999
-1.16672075 -1.28638625 -0.25099999
-1.18863606 -1.28587663 -0.25099999
-1.19256985 -1.28375399 -0.25099999
-1.22259235 -1.28813267 -0.25099999
-1.17334390 -1.27526188 -0.25099999
-1.19639826 -1.27575397 -0.25099999
-1.21597624 -1.28220260 -0.25099999
-1.20196211 -1.27454019 -0.25099999
-1.19728458 -1.26818073 -0.25099999
-1.18941021 -1.26277184 -0.25099999
-1.17735839 -1.25368094 -0.25099999
-1.21555400 -1.27130151 -0.25099999
-1.21900320 -1.27138138 -0.25099999
-1.19960487 -1.25321972 -0.25099999
-1.21116030 -1.26078820 -0.25099999
-1.21800733 -1.26222479 -0.25099999
-1.21672165 -1.25651920 -0.25099999
-1.20654333 -1.25123894 -0.25099999
-1.27780414 -1.27101588 -0.25099999
-1.27534246 -1.24339497 -0.25099999
-1.27180052 -1.26633501 -0.25099999
-1.27393913 -1.23709702 -0.25099999
-1.26903355 -1.25185978 -0.25099999
-1.27095151 -1.23393154 -0.25099999
-1.30751085 -1.25748014 -0.25099999
-1.37268531 -1.23540044 -0.25099999
-1.31580245 -1.26861286 -0.25099999
-1.29812407 -1.24374914 -0.25099999
-1.36164880 -1.24375927 -0.25099999
-1.34307802 -1.24740541 -0.25099999
-1.31818974 -1.25858903 -0.25099999
-1.41334927 -1.24535704 -0.25099999
-1.39625609 -1.25164700 -0.25099999
-1.29774415 -1.22404397 -0.25099999
-1.28250134 -1.25303221 -0.25099999
-1.27974010 -1.22749102 -0.25099999
-1.28121579 -1.22466338 -0.25099999
-1.30637813 -1.22811723 -0.25099999
-1.32411706 -1.25125206 -0.25099999
-1.33993435 -1.24857700 -0.25099999
-1.28729999 -1.21128213 -0.25099999
-1.30466342 -1.24526584 -0.25099999
-1.37337792 -1.26828396 -0.25099999
-1.28800797 -1.23960257 -0.25099999
-1.32526422 -1.23024964 -0.25099999
-1.19767833 -1.23291659 -0.25099999
-1.27520156 -1.21008265 -0.25099999
-1.21703231 -1.24653697 -0.25099999
-1.21506977 -1.24788034 -0.25099999
-1.26143777 -1.24037623 -0.25099999
-1.26526463 -1.22227573 -0.25099999
-1.21896672 -1.24338984 -0.25099999
-1.25975299 -1.24543762 -0.25099999
-1.23467064 -1.26286423 -0.25099999
-1.21960306 -1.23666680 -0.25099999
-1.25659859 -1.25572848 -0.25099999
-1.25660336 -1.23498535 -0.25099999
-1.22992802 -1.24317622 -0.25099999
-1.23493350 -1.25721526 -0.25099999
-1.25215971 -1.25006616 -0.25099999
-1.25364995 -1.23192692 -0.25099999
-1.21627331 -1.21598291 -0.25099999
-1.24956727 -1.23908472 -0.25099999
-1.24320090 -1.25861013 -0.25099999
-1.22693968 -1.22172880 -0.25099999
-1.24361432 -1.21823645 -0.25099999
-1.24708772 -1.25356913 -0.25099999
-1.23890042 -1.23236358 -0.25099999
-1.23718846 -1.23772430 -0.25099999
-2.33243561 -1.83967030 -0.53043681
-2.26966262 -1.85207462 -0.51834440
-2.27217865 -1.84924543 -0.51882905
-2.32185388 -1.84830618 -0.52839833
-2.31358337 -1.85279799 -0.52680516
-2.35305095 -1.84850585 -0.53440809
-2.26859045 -1.85180891 -0.97617519
-2.26859045 -1.83941674 -0.66111696
-2.26859045 -1.83740819 -0.53574288
-2.26859045 -1.84198785 -0.75131387
-2.26859045 -1.84004021 -0.68975687
-2.26859045 -1.84085095 -0.93596292
-2.26859045 -1.83747280 -0.85403025
-2.26859045 -1.84323716 -0.83035612
-2.26859045 -1.84644008 -0.99603343
-2.26859045 -1.83895040 -0.63551956
-2.26859045 -1.84170163 -0.66948205
-2.26859045 -1.84513652 -0.80387896
-2.26859045 -1.84927726 -0.55386204
-2.26859045 -1.84887147 -0.60874593
-2.26859045 -1.84334874 -0.60691482
-2.26859045 -1.85237181 -0.76981580
-2.26859045 -1.85277247 -0.80879337
-2.26859045 -1.83960569 -0.52739632
-2.26859045 -1.85044336 -0.82270426
-2.26859045 -1.84684181 -0.56825632
-2.26859045 -1.85128438 -0.70997179
-2.26859045 -1.85124922 -0.56715727
-2.26859045 -1.85116792 -0.68204457
-2.26859045 -1.83933437 -0.55101043
-2.28701925 -1.84000373 -0.99957919
-2.28155160 -1.84974921 -0.99957919
-2.30860186 -1.84463048 -0.97966683
-2.30860186 -1.83975434 -0.94688672
-2.30860186 -1.83922791 -0.95261866
-2.30860186 -1.85186493 -0.92972827
-2.30860186 -1.85194767 -0.89635140
-2.30860186 -1.85022259 -0.91015077
-2.34594846 -1.83969092 -0.79827213
-2.34941459 -1.85152125 -0.79490238
-2.37610197 -1.84890664 -0.76895797
-2.37641215 -1.84794319 -0.76865625
-2.41624475 -1.84554565 -0.61996001
-2.40981865 -1.84329486 -0.66772652
-2.41714597 -1.84681642 -0.61326057
-2.40691090 -1.83959329 -0.68934041
-2.41516209 -1.85224533 -0.62800789
-2.40016055 -1.84373569 -0.73951757
-2.40606642 -1.84955668 -0.69561732
-2.41547155 -1.85156083 -0.62570697
-2.34122992 -1.83732104 -0.55835372
-2.33977222 -1.83732104 -0.55489606
-2.35486746 -1.83732104 -0.56825197
-2.37151837 -1.83732104 -0.54761070
-2.30765891 -1.83732104 -0.53284508
-2.30538011 -1.83732104 -0.52688897
-2.36109257 -1.83732104 -0.54599828
-2.37007594 -1.83732104 -0.54208481
-2.31117463 -1.83732104 -0.54529196
-2.34896398 -1.83732104 -0.57099146
-2.34964514 -1.83732104 -0.57256961
-2.34301829 -1.83732104 -0.57066542
-2.34045815 -1.83732104 -0.56938583
-2.34506893 -1.83732104 -0.57438171
-2.31628156 -1.83732104 -0.55630893
-2.30840826 -1.83732104 -0.55120325
-2.33853698 -1.83732104 -0.57896179
-2.29807949 -1.83732104 -0.54428351
-2.36333179 -1.83732104 -0.66552019
-2.35922503 -1.83732104 -0.60912889
-2.36571193 -1.83732104 -0.71650732
-2.36247230 -1.83732104 -0.62593567
-2.35853887 -1.83732104 -0.63424033
-2.36100841 -1.83732104 -0.66332203
-2.36488891 -1.83732104 -0.63953394
-2.36689758 -1.83732104 -0.64142942
-2.36881518 -1.83732104 -0.66457349
-2.33896637 -1.83732104 -0.60971850
-2.32069254 -1.83732104 -0.60182267
-2.35992289 -1.83732104 -0.69863278
-2.30500793 -1.83732104 -0.58865547
-2.30648613 -1.83732104 -0.59689575
-2.35171771 -1.83732104 -0.61176962
-2.35743475 -1.83732104 -0.70032835
-2.33953238 -1.83732104 -0.64032531
-2.28638554 -1.83732104 -0.53810310
-2.34738636 -1.83732104 -0.68196553
-2.29199243 -1.83732104 -0.54686087
-2.34802914 -1.83732104 -0.61857873
-2.34662414 -1.83732104 -0.59526837
-2.31724668 -1.83732104 -0.61425459
-2.34025431 -1.83732104 -0.64187205
-2.34825397 -1.83732104 -0.63570875
-2.36908841 -1.83732104 -0.64204407
-2.36063576 -1.83732104 -0.72553736
-2.37197208 -1.83732104 -0.69028431
-2.37164783 -1.83732104 -0.63317990
-2.37420344 -1.83732104 -0.70236403
-2.34979081 -1.83732104 -0.70341265
-2.37580228 -1.83732104 -0.64714485
-2.37854290 -1.83732104 -0.68634683
-2.37777543 -1.83732104 -0.66731405
-2.37617922 -1.83732104 -0.69894993
-2.38230920 -1.83732104 -0.65860736
-2.37849712 -1.83732104 -0.71416789
-2.38299656 -1.83732104 -0.67279536
-2.38441086 -1.83732104 -0.66779578
-2.39979243 -1.83732104 -0.61093670
-2.40922379 -1.83732104 -0.61679167
-2.39314175 -1.83732104 -0.64336663
-2.38876820 -1.83732104 -0.64041036
-2.40794611 -1.83732104 -0.59866315
-2.40643287 -1.83732104 -0.60981899
-2.38480020 -1.83732104 -0.66643858
-2.38935065 -1.83732104 -0.60724819
-2.38630795 -1.83732104 -0.64763683
-2.41111827 -1.83732104 -0.62483656
-2.38672686 -1.83732104 -0.72365725
-2.34154320 -1.83732104 -0.79305995
-2.37587070 -1.83732104 -0.75774646
-2.36071658 -1.83732104 -0.77929902
-2.39947867 -1.83732104 -0.70722228
-2.41592503 -1.83732104 -0.61049426
-2.39286351 -1.83732104 -0.71251488
-2.41281462 -1.83732104 -0.63247347
-2.34490752 -1.83732104 -0.78114831
-2.33540821 -1.83732104 -0.72449118
-2.32901359 -1.83732104 -0.73645729
-2.33481932 -1.83732104 -0.71168566
-2.33543777 -1.83732104 -0.68742496
-2.30078983 -1.83732104 -0.66201735
-2.33649158 -1.83732104 -0.76230210
-2.32440543 -1.83732104 -0.66804641
-2.33366871 -1.83732104 -0.68133092
-2.34692621 -1.83732104 -0.73456240
-2.30227304 -1.83732104 -0.65324759
-2.33253670 -1.83732104 -0.69888979
-2.32610679 -1.83732104 -0.67091513
-2.27120256 -1.83732104 -0.52795655
-2.33292413 -1.83732104 -0.73572385
-2.27810574 -1.83732104 -0.54178023
-2.31584883 -1.83732104 -0.70352173
-2.29210448 -1.83732104 -0.62914687
-2.34400702 -1.83732104 -0.74273282
-2.33293962 -1.83732104 -0.77490163
-2.30217290 -1.83732104 -0.67491013
-2.32744622 -1.83732104 -0.68745589
-2.29231834 -1.83732104 -0.58509094
-2.31582904 -1.83732104 -0.65488958
-2.32057929 -1.83732104 -0.78039688
-2.29320335 -1.83732104 -0.65021098
-2.32361960 -1.83732104 -0.81798083
-2.30081630 -1.83732104 -0.70969069
-2.31269169 -1.83732104 -0.78749663
-2.31661606 -1.83732104 -0.82141054
-2.31257033 -1.83732104 -0.80146784
-2.31034613 -1.83732104 -0.80873889
-2.27528596 -1.83732104 -0.56330413
-2.29515934 -1.83732104 -0.71363330
-2.29561472 -1.83732104 -0.71657306
-2.30251098 -1.83732104 -0.90030950
-2.30681634 -1.83732104 -0.87964767
-2.28373885 -1.83732104 -0.99871773
-2.29862165 -1.83732104 -0.95651221
-2.29460073 -1.83732104 -0.97744220
-2.27944922 -1.83732104 -0.97593212
-2.29477239 -1.83732104 -0.98789787
-2.30075955 -1.83732104 -0.97013730
-2.30419230 -1.83732104 -0.91687262
-2.27556777 -1.83732104 -0.85850489
-2.29087400 -1.83732104 -0.77452201
-2.27561140 -1.83732104 -0.91686159
-2.28129101 -1.83732104 -0.70011181
-2.30561733 -1.83732104 -0.87824667
-2.29242516 -1.83732104 -0.83874261
-2.28193164 -1.83732104 -0.90742475
-2.27579188 -1.83732104 -0.82040685
-2.30324221 -1.83732104 -0.82289010
-2.29030609 -1.83732104 -0.76586705
-2.29932284 -1.83732104 -0.87372917
-2.27095985 -1.83732104 -0.89015180
-2.27687740 -1.83732104 -0.83876061
-2.27750754 -1.83732104 -0.88084143
-2.30108094 -1.83732104 -0.89316481
-2.29609394 -1.83732104 -0.86357445
-2.29386830 -1.83732104 -0.83318406
-2.27753544 -1.83732104 -0.69409335
-2.28586292 -1.83732104 -0.67573065
-2.27411532 -1.83732104 -0.93636692
-2.26980305 -1.83732104 -0.98360610
-2.26944995 -1.83732104 -0.82594049
-2.28283429 -1.83732104 -0.63998598
-2.28644395 -1.83732104 -0.89661497
-2.27017689 -1.83732104 -0.60536706
-2.28876734 -1.83732104 -0.75246763
-2.29305840 -1.83732104 -0.90565968
-2.27254105 -1.83732104 -0.55955720
-2.29525137 -1.83732104 -0.80121809
-2.28131413 -1.83732104 -0.81793845
-2.30722761 -1.83732104 -0.84435254
-2.30558228 -1.83732104 -0.82109028
-2.28877521 -1.83732104 -0.67728508
-2.30285525 -1.83732104 -0.77571887
-2.32377267 -1.85332108 -0.54610652
-2.35480952 -1.85332108 -0.56630611
-2.29075956 -1.85332108 -0.53098434
-2.34401965 -1.85332108 -0.56574273
-2.30557036 -1.85332108 -0.54272252
-2.32588363 -1.85332108 -0.55702180
-2.33676696 -1.85332108 -0.56665146
-2.33943987 -1.85332108 -0.57150030
-2.30389524 -1.85332108 -0.54540396
-2.33388495 -1.85332108 -0.57243997
-2.30051613 -1.85332108 -0.54505849
-2.32467866 -1.85332108 -0.53110248
-2.33945847 -1.85332108 -0.53248781
-2.34288263 -1.85332108 -0.54278511
-2.31499338 -1.85332108 -0.53586024
-2.33359241 -1.85332108 -0.54119855
-2.38906074 -1.85332108 -0.71022242
-2.38709164 -1.85332108 -0.66939694
-2.39652300 -1.85332108 -0.63179708
-2.39732552 -1.85332108 -0.63347441
-2.39946890 -1.85332108 -0.62228066
-2.40663552 -1.85332108 -0.62952280
-2.38766527 -1.85332108 -0.65573633
-2.38659954 -1.85332108 -0.65017331
-2.40675497 -1.85332108 -0.64352608
-2.38309932 -1.85332108 -0.70175016
-2.38409901 -1.85332108 -0.64673126
-2.38959169 -1.85332108 -0.71659380
-2.38309669 -1.85332108 -0.61310130
-2.38110399 -1.85332108 -0.66144353
-2.37940693 -1.85332108 -0.69471252
-2.37813282 -1.85332108 -0.69276255
-2.37644792 -1.85332108 -0.63814676
-2.37554145 -1.85332108 -0.71710610
-2.41217256 -1.85332108 -0.63433868
-2.38978910 -1.85332108 -0.72605026
-2.40097713 -1.85332108 -0.68962580
-2.40801501 -1.85332108 -0.67242742
-2.37076569 -1.85332108 -0.62474626
-2.37341285 -1.85332108 -0.63151711
-2.37432957 -1.85332108 -0.65983009
-2.37109447 -1.85332108 -0.70634210
-2.36773968 -1.85332108 -0.61618167
-2.36717463 -1.85332108 -0.63678855
-2.36474872 -1.85332108 -0.61416829
-2.36582756 -1.85332108 -0.66026646
-2.36386275 -1.85332108 -0.64850503
-2.36502218 -1.85332108 -0.66667038
-2.35967231 -1.85332108 -0.60397702
-2.36558604 -1.85332108 -0.69636530
-2.35654187 -1.85332108 -0.61810219
-2.36261845 -1.85332108 -0.69310057
-2.36497998 -1.85332108 -0.72213137
-2.35373092 -1.85332108 -0.59867257
-2.32127142 -1.85332108 -0.58643866
-2.31471181 -1.85332108 -0.60797232
-2.30392885 -1.85332108 -0.57150990
-2.32848310 -1.85332108 -0.58718419
-2.32111669 -1.85332108 -0.60122555
-2.30360770 -1.85332108 -0.59134907
-2.35335350 -1.85332108 -0.63003892
-2.32188177 -1.85332108 -0.58537126
-2.34638309 -1.85332108 -0.60418695
-2.34475994 -1.85332108 -0.64573801
-2.29309773 -1.85332108 -0.56847697
-2.27356625 -1.85332108 -0.52408701
-2.29920769 -1.85332108 -0.55857241
-2.31168365 -1.85332108 -0.57343942
-2.34993958 -1.85332108 -0.62158543
-2.31741667 -1.85332108 -0.60430574
-2.34753251 -1.85332108 -0.69518268
-2.35435867 -1.85332108 -0.71488357
-2.39043427 -1.85332108 -0.75452298
-2.35378575 -1.85332108 -0.78644472
-2.34353256 -1.85332108 -0.79951477
-2.34500051 -1.85332108 -0.78565347
-2.31626678 -1.85332108 -0.74680239
-2.32458329 -1.85332108 -0.66267258
-2.35421944 -1.85332108 -0.73152250
-2.30567479 -1.85332108 -0.60481578
-2.29478550 -1.85332108 -0.62089902
-2.30300641 -1.85332108 -0.64707196
-2.32689118 -1.85332108 -0.69138628
-2.29137683 -1.85332108 -0.59674329
-2.33989334 -1.85332108 -0.74558491
-2.32380056 -1.85332108 -0.66800147
-2.31222558 -1.85332108 -0.63751280
-2.31017494 -1.85332108 -0.67265010
-2.33574033 -1.85332108 -0.76234424
-2.33812881 -1.85332108 -0.75585955
-2.32847619 -1.85332108 -0.80521369
-2.32236004 -1.85332108 -0.76786423
-2.35093045 -1.85332108 -0.70959097
-2.29058480 -1.85332108 -0.59212905
-2.30743194 -1.85332108 -0.69617450
-2.34396362 -1.85332108 -0.69207340
-2.29635859 -1.85332108 -0.58770365
-2.31055069 -1.85332108 -0.65079659
-2.31804705 -1.85332108 -0.65229350
-2.29964018 -1.85332108 -0.67240381
-2.30087256 -1.85332108 -0.69067168
-2.32571864 -1.85332108 -0.81401122
-2.30428052 -1.85332108 -0.71855587
-2.32374620 -1.85332108 -0.82559097
-2.31305718 -1.85332108 -0.79730457
-2.28679967 -1.85332108 -0.63365144
-2.31740570 -1.85332108 -0.83413678
-2.29944086 -1.85332108 -0.72897959
-2.29752374 -1.85332108 -0.71964997
-2.27776074 -1.85332108 -0.58381826
-2.29065561 -1.85332108 -0.68232739
-2.27789211 -1.85332108 -0.97675127
-2.28452826 -1.85332108 -0.99828714
-2.28649378 -1.85332108 -0.99000418
-2.30715799 -1.85332108 -0.98980904
-2.28751945 -1.85332108 -0.95448536
-2.28222942 -1.85332108 -0.98619664
-2.29849696 -1.85332108 -0.98915648
-2.29747295 -1.85332108 -0.90877199
-2.29756403 -1.85332108 -0.91218030
-2.28817177 -1.85332108 -0.94273639
-2.28348851 -1.85332108 -0.88894045
-2.27830005 -1.85332108 -0.96635276
-2.28370786 -1.85332108 -0.64901912
-2.28229499 -1.85332108 -0.85784036
-2.28200531 -1.85332108 -0.80648261
-2.29769492 -1.85332108 -0.84490710
-2.28607464 -1.85332108 -0.70600289
-2.27090359 -1.85332108 -0.60380125
-2.27256656 -1.85332108 -0.66148806
-2.27805567 -1.85332108 -0.68757880
-2.29367828 -1.85332108 -0.74975419
-2.29513550 -1.85332108 -0.75789922
-2.27870035 -1.85332108 -0.81481302
-2.28156161 -1.85332108 -0.79037821
-2.28472233 -1.85332108 -0.77167857
-2.27859998 -1.85332108 -0.65313393
-2.28980136 -1.85332108 -0.91239512
-2.30003190 -1.85332108 -0.82226193
-2.28658891 -1.85332108 -0.71015269
-2.28428268 -1.85332108 -0.94390738
-2.29719663 -1.85332108 -0.90757716
-2.28479171 -1.85332108 -0.73358113
-2.27070713 -1.85332108 -0.72673899
-2.29666066 -1.85332108 -0.83617866
-2.27243996 -1.85332108 -0.78205359
-2.28272295 -1.85332108 -0.73151809
-2.26964068 -1.85332108 -0.93979555
-2.28268814 -1.85332108 -0.88076878
-2.29122353 -1.85332108 -0.74711090
-2.28810906 -1.85332108 -0.72004610
-2.29010105 -1.85332108 -0.69946039
-2.28570271 -1.85332108 -0.65678346
-2.29806972 -1.85332108 -0.75407290
-2.30963898 -1.85332108 -0.83732063
-1.32898831 -1.52246940 -1.01552558
-1.31241810 -1.51290250 -1.01814651
-1.34295511 -1.53053308 -1.00852931
-1.34789813 -1.53338695 -1.01765764
-1.34805179 -1.53347564 -1.01799607
-1.35331976 -1.53651702 -1.01013136
-1.19610167 -1.36481762 -1.00619912
-1.28504050 -1.47854400 -0.99961591
-1.21723974 -1.39184701 -1.00963223
-1.22145891 -1.39724207 -1.00586903
-1.21758068 -1.39228284 -1.01435792
-1.20208347 -1.37246668 -1.00524187
-1.20510554 -1.37633097 -1.01665223
-1.24296033 -1.42473602 -1.00700629
-1.27259696 -1.46263242 -1.02056170
-1.30657542 -1.50608087 -1.01033390
-1.21347332 -1.38703084 -1.02089882
-1.20188594 -1.37221408 -1.02303350
-1.28238988 -1.47515476 -1.01159132
-1.25661159 -1.44219184 -1.02340531
-1.27677083 -1.46796954 -1.01923227
-1.30606747 -1.50543129 -1.01896966
-1.36396825 -1.23045945 -1.00695503
-1.33783066 -1.22362733 -1.01246762
-1.37389839 -1.23305511 -1.00733674
-1.40924382 -1.24229407 -1.00395167
-1.34433079 -1.22532630 -1.01107371
-1.34708452 -1.22604620 -1.00469601
-1.28128886 -1.20884776 -1.01524055
-1.30202842 -1.21426892 -1.00013924
-1.44049883 -1.25046372 -1.02211297
-1.45677531 -1.25471830 -1.01389265
-1.46935713 -1.25800705 -1.01480961
-1.39813602 -1.23939049 -1.01725674
-1.42246747 -1.24575055 -1.01746535
-1.32583034 -1.22049057 -1.02200997
-1.40064669 -1.24004674 -1.02389812
-1.43046844 -1.24784195 -1.00680506
-1.49523616 -1.27204239 -1.00820088
-1.50224006 -1.27608609 -1.00305510
-1.51373756 -1.28272414 -1.01773536
-1.50710070 -1.27889228 -1.01104069
-1.47521782 -1.35357165 -1.01302826
-1.48006368 -1.34517837 -1.01586759
-1.47084343 -1.36114824 -1.00606859
-1.48155868 -1.34258890 -1.01515281
-1.46737695 -1.36715257 -1.01325965
-1.47855020 -1.34779978 -1.00306201
-1.49094713 -1.32632768 -1.00439370
-1.43172896 -1.42889655 -1.00935841
-1.40991569 -1.46667814 -0.99996704
-1.48227870 -1.34134173 -1.01318705
-1.48632669 -1.33433056 -1.01876104
-1.47947729 -1.34619403 -1.00402832
-1.36956573 -1.53656650 -1.00533843
-1.37434626 -1.52828634 -1.01131916
-1.41108990 -1.46464455 -1.00783479
-1.44947028 -1.39816761 -1.01660931
-1.40980744 -1.46686578 -1.01948583
-1.39446020 -1.49344790 -1.01932490
-1.41471303 -1.45836902 -1.00739920
-1.40644491 -1.47268987 -1.01170802
-1.37098813 -1.53410268 -1.02068996
-1.36657321 -1.54174960 -1.01092744
-1.43438983 -1.42428780 -1.01543152
-1.44035900 -1.41394889 -1.01154721
-1.48956430 -1.30395198 -1.02400017
-1.46526241 -1.32939875 -1.02400017
-1.44132078 -1.38070738 -1.02400017
-1.48772144 -1.29579306 -1.02400017
-1.42833471 -1.40130723 -1.02400017
-1.41111958 -1.44235849 -1.02400017
-1.45172071 -1.38964176 -1.02400017
-1.49172282 -1.27199173 -1.02400017
-1.40947723 -1.43840253 -1.02400017
-1.43872619 -1.35200179 -1.02400017
-1.47356117 -1.30534363 -1.02400017
-1.46263087 -1.31446850 -1.02400017
-1.45821261 -1.35637128 -1.02400017
-1.44767535 -1.37063539 -1.02400017
-1.49505246 -1.27667546 -1.02400017
-1.44451857 -1.40198219 -1.02400017
-1.47733319 -1.32243681 -1.02400017
-1.41482544 -1.43959153 -1.02400017
-1.47779632 -1.30464220 -1.02400017
-1.48804843 -1.32483482 -1.02400017
-1.45941889 -1.33668351 -1.02400017
-1.40993631 -1.43986738 -1.02400017
-1.47167552 -1.34786725 -1.02400017
-1.42140198 -1.26689994 -1.02400017
-1.31799507 -1.28097963 -1.02400017
-1.28594768 -1.29104757 -1.02400017
-1.32389140 -1.27781999 -1.02400017
-1.39058876 -1.24730277 -1.02400017
-1.31465495 -1.22830331 -1.02400017
-1.42458475 -1.25228286 -1.02400017
-1.37787867 -1.24950850 -1.02400017
-1.33268058 -1.23126411 -1.02400017
-1.37129378 -1.25530159 -1.02400017
-1.34523392 -1.24088383 -1.02400017
-1.36283875 -1.23089755 -1.02400017
-1.40092695 -1.25381577 -1.02400017
-1.32121420 -1.23750198 -1.02400017
-1.30760157 -1.27656269 -1.02400017
-1.30184162 -1.24055541 -1.02400017
-1.39739764 -1.25202370 -1.02400017
-1.30688667 -1.22100186 -1.02400017
-1.32112873 -1.26435935 -1.02400017
-1.34359622 -1.26010990 -1.02400017
-1.30178738 -1.27845943 -1.02400017
-1.30387962 -1.24619102 -1.02400017
-1.41749692 -1.25161397 -1.02400017
-1.29881608 -1.21396315 -1.02400017
-1.28880692 -1.23843861 -1.02400017
-1.32227600 -1.28744721 -1.02400017
-1.33235025 -1.28910589 -1.02400017
-1.34177542 -1.28948092 -1.02400017
-1.27684116 -1.26053905 -1.02400017
-1.33629715 -1.29295230 -1.02400017
-1.27530813 -1.25723898 -1.02400017
-1.36489725 -1.28636575 -1.02400017
-1.27490962 -1.23991942 -1.02400017
-1.31139755 -1.30389321 -1.02400017
-1.27151000 -1.25646019 -1.02400017
-1.26920784 -1.24771059 -1.02400017
-1.26705027 -1.23414385 -1.02400017
-1.26468408 -1.22418213 -1.02400017
-1.26883614 -1.23852813 -1.02400017
-1.25813174 -1.25033331 -1.02400017
-1.25951934 -1.21737456 -1.02400017
-1.26420498 -1.22083092 -1.02400017
-1.25315607 -1.22938621 -1.02400017
-1.25559187 -1.24118412 -1.02400017
-1.24674642 -1.20662212 -1.02400017
-1.24103808 -1.22372091 -1.02400017
-1.25056922 -1.25486875 -1.02400017
-1.24193561 -1.23065710 -1.02400017
-1.24271476 -1.24842930 -1.02400017
-1.35129797 -1.51724625 -1.02400017
-1.44373953 -1.30509293 -1.02400017
-1.38847888 -1.40974784 -1.02400017
-1.35928285 -1.52733326 -1.02400017
-1.38151085 -1.46179438 -1.02400017
-1.39821565 -1.43831766 -1.02400017
-1.42245114 -1.36604989 -1.02400017
-1.38288462 -1.42500484 -1.02400017
-1.42826176 -1.33667397 -1.02400017
-1.34098017 -1.47096217 -1.02400017
-1.35842228 -1.52579677 -1.02400017
-1.40372074 -1.40260220 -1.02400017
-1.36280704 -1.51240516 -1.02400017
-1.39998460 -1.41364539 -1.02400017
-1.34077811 -1.51341498 -1.02400017
-1.34990263 -1.47401726 -1.02400017
-1.44399774 -1.31288958 -1.02400017
-1.41047347 -1.35905898 -1.02400017
-1.36362100 -1.52978659 -1.02400017
-1.39117312 -1.42190719 -1.02400017
-1.38474762 -1.46500385 -1.02400017
-1.36108124 -1.46570373 -1.02400017
-1.44293845 -1.32033277 -1.02400017
-1.40784597 -1.39445913 -1.02400017
-1.39807832 -1.41436803 -1.02400017
-1.34781337 -1.47823238 -1.02400017
-1.34945691 -1.48798847 -1.02400017
-1.41245735 -1.37089109 -1.02400017
-1.28032756 -1.32048786 -1.02400017
-1.28758037 -1.38428783 -1.02400017
-1.28924894 -1.39787614 -1.02400017
-1.28022861 -1.36362016 -1.02400017
-1.28045881 -1.37926197 -1.02400017
-1.31665790 -1.40008807 -1.02400017
-1.35310292 -1.30205977 -1.02400017
-1.37137306 -1.31126213 -1.02400017
-1.31431568 -1.37985909 -1.02400017
-1.29910409 -1.42073727 -1.02400017
-1.33705401 -1.30563784 -1.02400017
-1.31954038 -1.32300472 -1.02400017
-1.34116399 -1.30281079 -1.02400017
-1.31113935 -1.45133829 -1.02400017
-1.43842852 -1.30145562 -1.02400017
-1.30925393 -1.39949572 -1.02400017
-1.41272116 -1.29982221 -1.02400017
-1.31807137 -1.50061572 -1.02400017
-1.41203833 -1.32379353 -1.02400017
-1.33759487 -1.35327542 -1.02400017
-1.29220545 -1.34908700 -1.02400017
-1.38286567 -1.34092486 -1.02400017
-1.36144686 -1.43242931 -1.02400017
-1.31876421 -1.31111467 -1.02400017
-1.32236171 -1.45019042 -1.02400017
-1.34212220 -1.30508626 -1.02400017
-1.30941987 -1.45894432 -1.02400017
-1.33072805 -1.45817912 -1.02400017
-1.34149528 -1.37749827 -1.02400017
-1.31754458 -1.34561980 -1.02400017
-1.39482009 -1.32164502 -1.02400017
-1.32432246 -1.43344378 -1.02400017
-1.31358790 -1.42709613 -1.02400017
-1.31483233 -1.34157944 -1.02400017
-1.30356610 -1.39457035 -1.02400017
-1.37195122 -1.37268686 -1.02400017
-1.38825071 -1.29169536 -1.02400017
-1.31406224 -1.38408208 -1.02400017
-1.41149211 -1.29350662 -1.02400017
-1.44247162 -1.30020463 -1.02400017
-1.37072551 -1.36516333 -1.02400017
-1.34171569 -1.31247401 -1.02400017
-1.31602943 -1.46474195 -1.02400017
-1.44147170 -1.29103732 -1.02400017
-1.42581105 -1.29395604 -1.02400017
-1.31470633 -1.36563551 -1.02400017
-1.33775389 -1.34888518 -1.02400017
-1.32189178 -1.44792593 -1.02400017
-1.32050061 -1.36381042 -1.02400017
-1.36639309 -1.39073646 -1.02400017
-1.33458400 -1.45677447 -1.02400017
-1.30891836 -1.35319948 -1.02400017
-1.38586152 -1.35881495 -1.02400017
-1.30240238 -1.38525748 -1.02400017
-1.38114727 -1.30893183 -1.02400017
-1.30426121 -1.42205667 -1.02400017
-1.38043177 -1.32297099 -1.02400017
-1.31513584 -1.36502922 -1.02400017
-1.30911553 -1.35371268 -1.02400017
-1.34360969 -1.30544901 -1.02400017
-1.39677405 -1.34780133 -1.02400017
-1.30287552 -1.35090232 -1.02400017
-1.35461962 -1.44036996 -1.02400017
-1.38244653 -1.29817355 -1.02400017
-1.32261145 -1.45506334 -1.02400017
-1.31526709 -1.44734955 -1.02400017
-1.26753926 -1.34197414 -1.02400017
-1.28693187 -1.41889811 -1.02400017
-1.23390758 -1.23323703 -1.02400017
-1.23287892 -1.21438587 -1.02400017
-1.26822805 -1.35759771 -1.02400017
-1.22979939 -1.23050213 -1.02400017
-1.22352123 -1.22173679 -1.02400017
-1.23611021 -1.25711870 -1.02400017
-1.21526170 -1.21638680 -1.02400017
-1.22704625 -1.24711466 -1.02400017
-1.21693826 -1.23254657 -1.02400017
-1.21858799 -1.24252987 -1.02400017
-1.22238159 -1.25423098 -1.02400017
-1.21359432 -1.24656284 -1.02400017
-1.19997251 -1.23527217 -1.02400017
-1.19582391 -1.23604584 -1.02400017
-1.20562959 -1.24965191 -1.02400017
-1.21674478 -1.26246619 -1.02400017
-1.18464041 -1.23939323 -1.02400017
-1.20192683 -1.25814712 -1.02400017
-1.22518337 -1.27598822 -1.02400017
-1.18778515 -1.25197017 -1.02400017
-1.17696440 -1.25137234 -1.02400017
-1.18522096 -1.26013505 -1.02400017
-1.20674527 -1.27362072 -1.02400017
-1.20158660 -1.27443039 -1.02400017
-1.22237134 -1.28369486 -1.02400017
-1.21333265 -1.28509569 -1.02400017
-1.18646884 -1.27394938 -1.02400017
-1.22454834 -1.33741593 -1.02400017
-1.22627234 -1.33585012 -1.02400017
-1.22992289 -1.32925272 -1.02400017
-1.21965635 -1.33545303 -1.02400017
-1.20961022 -1.34203494 -1.02400017
-1.19654298 -1.35249805 -1.02400017
-1.29659534 -1.48763776 -1.02400017
-1.22594321 -1.36094975 -1.02400017
-1.25560808 -1.34342289 -1.02400017
-1.23082626 -1.36059105 -1.02400017
-1.27058470 -1.42335463 -1.02400017
-1.24781096 -1.38709223 -1.02400017
-1.23341858 -1.36659551 -1.02400017
-1.26394343 -1.43680561 -1.02400017
-1.28522694 -1.43104100 -1.02400017
-1.23580289 -1.40771472 -1.02400017
-1.22724819 -1.36146283 -1.02400017
-1.26496565 -1.42617357 -1.02400017
-1.24026418 -1.33610153 -1.02400017
-1.23378086 -1.33662689 -1.02400017
-1.29215813 -1.45674419 -1.02400017
-1.20766747 -1.37371051 -1.02400017
-1.24118733 -1.33800733 -1.02400017
-1.21214437 -1.34802854 -1.02400017
-1.25075650 -1.41231203 -1.02400017
-1.22837520 -1.39882421 -1.02400017
-1.26029241 -1.34412432 -1.02400017
-1.18899453 -1.28123605 -1.02400017
-1.20357609 -1.34435844 -1.02400017
-1.21985710 -1.29163027 -1.02400017
-1.17249775 -1.27881086 -1.02400017
-1.22487915 -1.31646454 -1.02400017
-1.19273770 -1.34612906 -1.02400017
-1.17603576 -1.28637600 -1.02400017
-1.18889713 -1.34222877 -1.02400017
-1.21164966 -1.29490864 -1.02400017
-1.18485963 -1.29369152 -1.02400017
-1.18587089 -1.33433044 -1.02400017
-1.18442392 -1.33983898 -1.02400017
-1.17927170 -1.29983008 -1.02400017
-1.17176032 -1.29884124 -1.02400017
-1.21463656 -1.31281352 -1.02400017
-1.18605781 -1.33265710 -1.02400017
-1.16701567 -1.30281734 -1.02400017
-1.17457497 -1.32992601 -1.02400017
-1.20650327 -1.30411088 -1.02400017
-1.20434105 -1.30384350 -1.02400017
-1.22274220 -1.30551553 -1.02400017
-1.19735134 -1.31701648 -1.02400017
-1.17871165 -1.31866801 -1.02400017
-1.19542515 -1.31059349 -1.02400017
-1.27171826 -1.34710181 -0.99900001
-1.28184938 -1.40318978 -0.99900001
-1.26591003 -1.35658050 -0.99900001
-1.26696813 -1.41826057 -0.99900001
-1.28380287 -1.46364295 -0.99900001
-1.21054161 -1.36017382 -0.99900001
-1.24366367 -1.39862788 -0.99900001
-1.24297118 -1.41185844 -0.99900001
-1.30053604 -1.49696445 -0.99900001
-1.24960601 -1.34596753 -0.99900001
-1.25139260 -1.43090487 -0.99900001
-1.30402350 -1.49817109 -0.99900001
-1.25172436 -1.38371789 -0.99900001
-1.24715102 -1.35517311 -0.99900001
-1.29516745 -1.46876419 -0.99900001
-1.30086911 -1.47770071 -0.99900001
-1.23468196 -1.38977766 -0.99900001
-1.23850977 -1.36934471 -0.99900001
-1.21104014 -1.37732077 -0.99900001
-1.21799266 -1.36553502 -0.99900001
-1.26248050 -1.37085724 -0.99900001
-1.22794735 -1.36090147 -0.99900001
-1.25963390 -1.36418843 -0.99900001
-1.25426769 -1.39037156 -0.99900001
-1.27502024 -1.35087597 -0.99900001
-1.28127348 -1.37383318 -0.99900001
-1.28721237 -1.39218843 -0.99900001
-1.24458528 -1.32638979 -0.99900001
-1.27831197 -1.33070350 -0.99900001
-1.27947760 -1.32230961 -0.99900001
-1.21743846 -1.34165859 -0.99900001
-1.21667242 -1.34061646 -0.99900001
-1.28963983 -1.30841482 -0.99900001
-1.43073761 -1.39428532 -0.99900001
-1.41642177 -1.44696534 -0.99900001
-1.47340941 -1.33705890 -0.99900001
-1.48769808 -1.30454886 -0.99900001
-1.43153501 -1.37082326 -0.99900001
-1.43131602 -1.40917754 -0.99900001
-1.40487599 -1.43995309 -0.99900001
-1.44412172 -1.38921487 -0.99900001
-1.49418843 -1.31285977 -0.99900001
-1.42062545 -1.44005787 -0.99900001
-1.47165382 -1.35775685 -0.99900001
-1.37379718 -1.52887332 -0.99900001
-1.44503725 -1.36682832 -0.99900001
-1.40552628 -1.43929577 -0.99900001
-1.48314834 -1.32924581 -0.99900001
-1.44518459 -1.39306581 -0.99900001
-1.45779097 -1.35143769 -0.99900001
-1.44555604 -1.40048981 -0.99900001
-1.49067152 -1.27733827 -0.99900001
-1.43175042 -1.36957288 -0.99900001
-1.37267208 -1.52762091 -0.99900001
-1.45197380 -1.37523639 -0.99900001
-1.43900895 -1.35954797 -0.99900001
-1.41588855 -1.31872034 -0.99900001
-1.31826925 -1.41533697 -0.99900001
-1.41939175 -1.29164612 -0.99900001
-1.46260142 -1.26628327 -0.99900001
-1.30656648 -1.36069715 -0.99900001
-1.35448253 -1.32358813 -0.99900001
-1.32048321 -1.46374142 -0.99900001
-1.40461123 -1.34817135 -0.99900001
-1.35130572 -1.35908186 -0.99900001
-1.33534944 -1.37259209 -0.99900001
-1.35402954 -1.39541733 -0.99900001
-1.36951303 -1.39197206 -0.99900001
-1.40517914 -1.30529594 -0.99900001
-1.32654548 -1.35712385 -0.99900001
-1.33538699 -1.41164339 -0.99900001
-1.38568294 -1.34963906 -0.99900001
-1.32425749 -1.40966785 -0.99900001
-1.33115363 -1.41212845 -0.99900001
-1.44137979 -1.27065980 -0.99900001
-1.31821418 -1.38221300 -0.99900001
-1.36471546 -1.36577272 -0.99900001
-1.29131472 -1.37015307 -0.99900001
-1.30099082 -1.40281022 -0.99900001
-1.34910250 -1.30196130 -0.99900001
-1.42664933 -1.32023513 -0.99900001
-1.38469601 -1.38675642 -0.99900001
-1.32342601 -1.43209970 -0.99900001
-1.29686701 -1.41142857 -0.99900001
-1.33494365 -1.29934752 -0.99900001
-1.40711057 -1.28727400 -0.99900001
-1.30760324 -1.36812258 -0.99900001
-1.35511863 -1.31181955 -0.99900001
-1.29357958 -1.32087004 -0.99900001
-1.35066450 -1.42025054 -0.99900001
-1.42406702 -1.33277321 -0.99900001
-1.32507932 -1.43981755 -0.99900001
-1.43074024 -1.29141021 -0.99900001
-1.31379533 -1.33780706 -0.99900001
-1.42162073 -1.30690992 -0.99900001
-1.32676482 -1.43767297 -0.99900001
-1.40140498 -1.36830616 -0.99900001
-1.35760581 -1.39547992 -0.99900001
-1.29971194 -1.34381878 -0.99900001
-1.31789827 -1.45452249 -0.99900001
-1.33935571 -1.41907597 -0.99900001
-1.43622375 -1.27965236 -0.99900001
-1.29461801 -1.37873065 -0.99900001
-1.33954155 -1.40998030 -0.99900001
-1.30388987 -1.36578894 -0.99900001
-1.32005787 -1.48578525 -0.99900001
-1.29205430 -1.37440133 -0.99900001
-1.30683947 -1.38556910 -0.99900001
-1.32092488 -1.43603647 -0.99900001
-1.28521192 -1.33945918 -0.99900001
-1.34862471 -1.30872333 -0.99900001
-1.35151291 -1.34596825 -0.99900001
-1.37431109 -1.41088712 -0.99900001
-1.34970844 -1.35367417 -0.99900001
-1.33809626 -1.40938199 -0.99900001
-1.35540438 -1.41295636 -0.99900001
-1.39978611 -1.31821489 -0.99900001
-1.36871338 -1.44510531 -0.99900001
-1.37359595 -1.48956430 -0.99900001
-1.46134365 -1.28697658 -0.99900001
-1.42221415 -1.34985471 -0.99900001
-1.35061610 -1.46252799 -0.99900001
-1.44029474 -1.34374845 -0.99900001
-1.38467348 -1.44759858 -0.99900001
-1.43674564 -1.35013783 -0.99900001
-1.36240399 -1.48342073 -0.99900001
-1.36446071 -1.53085995 -0.99900001
-1.33855402 -1.50222886 -0.99900001
-1.36569953 -1.44686139 -0.99900001
-1.33007228 -1.51745951 -0.99900001
-1.36667943 -1.46438003 -0.99900001
-1.40337265 -1.43728495 -0.99900001
-1.37724626 -1.44916821 -0.99900001
-1.34497225 -1.49511313 -0.99900001
-1.36103070 -1.48677707 -0.99900001
-1.41415417 -1.36675417 -0.99900001
-1.42650235 -1.33249116 -0.99900001
-1.39350867 -1.43380010 -0.99900001
-1.33817887 -1.49926937 -0.99900001
-1.38638866 -1.43422425 -0.99900001
-1.33518720 -1.50231767 -0.99900001
-1.33474803 -1.47616792 -0.99900001
-1.35371387 -1.48389316 -0.99900001
-1.32105672 -1.50059903 -0.99900001
-1.36412573 -1.46963656 -0.99900001
-1.23196995 -1.32654953 -0.99900001
-1.39473045 -1.27860558 -0.99900001
-1.20073056 -1.34910238 -0.99900001
-1.32660329 -1.29509127 -0.99900001
-1.19952869 -1.34389639 -0.99900001
-1.19282210 -1.34593260 -0.99900001
-1.21615386 -1.33279550 -0.99900001
-1.39471769 -1.27695334 -0.99900001
-1.22513974 -1.31581450 -0.99900001
-1.20390618 -1.32668078 -0.99900001
-1.20695245 -1.33171797 -0.99900001
-1.40969014 -1.27172732 -0.99900001
-1.18435061 -1.33016407 -0.99900001
-1.21373141 -1.31970227 -0.99900001
-1.38262475 -1.27602327 -0.99900001
-1.31223917 -1.28659034 -0.99900001
-1.17426300 -1.32943356 -0.99900001
-1.22023141 -1.30816054 -0.99900001
-1.22062778 -1.31039977 -0.99900001
-1.19729590 -1.31339347 -0.99900001
-1.30503070 -1.28431928 -0.99900001
-1.21794057 -1.30548465 -0.99900001
-1.30907917 -1.28310442 -0.99900001
-1.21403134 -1.30367339 -0.99900001
-1.19777739 -1.30937898 -0.99900001
-1.30088079 -1.27920032 -0.99900001
-1.19591033 -1.30346596 -0.99900001
-1.19112396 -1.30164993 -0.99900001
-1.21172142 -1.29970729 -0.99900001
-1.18504488 -1.29867482 -0.99900001
-1.19727564 -1.29454529 -0.99900001
-1.16606402 -1.29155433 -0.99900001
-1.20407820 -1.29006433 -0.99900001
-1.21742678 -1.28948939 -0.99900001
-1.16875565 -1.28262615 -0.99900001
-1.18396425 -1.27896583 -0.99900001
-1.22001433 -1.28701150 -0.99900001
-1.17141771 -1.26927888 -0.99900001
-1.22393298 -1.28283799 -0.99900001
-1.19160366 -1.27098167 -0.99900001
-1.18228185 -1.26421821 -0.99900001
-1.19109309 -1.26309431 -0.99900001
-1.21269536 -1.27059615 -0.99900001
-1.20476961 -1.26574302 -0.99900001
-1.22359204 -1.27518642 -0.99900001
-1.18507755 -1.24568260 -0.99900001
-1.18770909 -1.23750651 -0.99900001
-1.22539306 -1.27116477 -0.99900001
-1.21983790 -1.25817525 -0.99900001
-1.19202960 -1.23839438 -0.99900001
-1.27752531 -1.22664344 -0.99900001
-1.27445650 -1.25707269 -0.99900001
-1.27263033 -1.25530112 -0.99900001
-1.27003312 -1.25258136 -0.99900001
-1.26764321 -1.25422168 -0.99900001
-1.26992166 -1.23798370 -0.99900001
-1.29703546 -1.23916841 -0.99900001
-1.33258784 -1.25883150 -0.99900001
-1.34494805 -1.26711166 -0.99900001
-1.41618574 -1.25156903 -0.99900001
-1.36069202 -1.25414824 -0.99900001
-1.29577982 -1.24806559 -0.99900001
-1.43898797 -1.25422299 -0.99900001
-1.29380453 -1.21817482 -0.99900001
-1.38385558 -1.23856723 -0.99900001
-1.29236388 -1.21912992 -0.99900001
-1.31264710 -1.26862729 -0.99900001
-1.29459608 -1.25701940 -0.99900001
-1.28523445 -1.26464713 -0.99900001
-1.29941368 -1.26942873 -0.99900001
-1.37806797 -1.26265872 -0.99900001
-1.31194913 -1.24291396 -0.99900001
-1.33108509 -1.25514209 -0.99900001
-1.33046985 -1.22812593 -0.99900001
-1.28998530 -1.24817371 -0.99900001
-1.30575657 -1.22425282 -0.99900001
-1.34346533 -1.27064896 -0.99900001
-1.20504153 -1.24304843 -0.99900001
-1.27693951 -1.20931876 -0.99900001
-1.21870589 -1.24711573 -0.99900001
-1.20054960 -1.22960937 -0.99900001
-1.26615858 -1.20878255 -0.99900001
-1.26325929 -1.23516297 -0.99900001
-1.20858860 -1.22793114 -0.99900001
-1.26085603 -1.21465182 -0.99900001
-1.23538756 -1.25981712 -0.99900001
-1.21054316 -1.21920979 -0.99900001
-1.25628388 -1.24383700 -0.99900001
-1.25807416 -1.22538853 -0.99900001
-1.22425938 -1.23249042 -0.99900001
-1.21143627 -1.21651459 -0.99900001
-1.25106931 -1.26446140 -0.99900001
-1.25130081 -1.21147966 -0.99900001
-1.22102392 -1.21405351 -0.99900001
-1.24713826 -1.20566118 -0.99900001
-1.24233377 -1.25480747 -0.99900001
-1.23224699 -1.23201990 -0.99900001
-1.24658394 -1.25969577 -0.99900001
-1.24967420 -1.25932467 -0.99900001
-1.23870862 -1.22744060 -0.99900001
-1.23054373 -1.21252239 -0.99900001
-2.09778428 -1.92591107 -1.03539765
-2.09544754 -1.92447317 -1.03039110
-2.09039450 -1.92123258 -1.02623820
-2.08782744 -1.91944706 -1.03760993
-2.08547449 -1.91774130 -1.02655292
-2.08323622 -1.91599035 -1.04935324
-2.08063745 -1.91394687 -1.05320239
-2.07469034 -1.90864909 -1.04940712
-2.07633424 -1.91017306 -1.04017484
-2.07312322 -1.90711105 -1.02611566
-2.06918359 -1.90309381 -1.03504586
-2.06760597 -1.90136135 -1.05386519
-2.06422925 -1.89745235 -1.03715861
-2.06308484 -1.89604437 -1.04506147
-2.05910015 -1.89080453 -1.04286802
-2.06039190 -1.89258933 -1.03766930
-2.05401993 -1.88321805 -1.04006183
-2.05564475 -1.88575113 -1.03261495
-2.05112338 -1.87821484 -1.04561639
-2.05253720 -1.88071716 -1.03916609
-2.04772091 -1.87160885 -1.03758764
-2.04943252 -1.87507927 -1.03887808
-2.04470778 -1.86479378 -1.05493224
-2.04649687 -1.86900175 -1.03790820
-2.04193592 -1.85734391 -1.03425062
-2.04320836 -1.86087441 -1.03204513
-2.03960824 -1.84951389 -1.04038942
-2.04034591 -1.85211396 -1.03390753
-2.04107499 -1.85455823 -1.02929413
-2.03711557 -1.83764887 -1.05331051
-2.03951025 -1.84910202 -1.02519381
-2.03767252 -1.84075105 -1.02569652
-2.03599167 -1.82865298 -1.04877520
-2.03628898 -1.83146083 -1.05502295
-2.03667307 -1.83460486 -1.02475238
-2.03563428 -1.82319629 -1.04615521
-2.03552246 -1.81564999 -1.03823292
-2.03557301 -1.82105350 -1.03259587
-2.03579402 -1.80960572 -1.04720342
-2.03558207 -1.81413710 -1.04525959
-2.03600788 -1.80690241 -1.03939259
-2.03612137 -1.80580330 -1.04876363
-2.03694820 -1.79910338 -1.04405582
-2.03681326 -1.79994512 -1.05272138
-2.03846216 -1.79096079 -1.03435290
-2.03914070 -1.78785455 -1.04472315
-2.03987169 -1.78519213 -1.04042101
-2.04047990 -1.78300393 -1.03871858
-2.04114199 -1.78068089 -1.03353107
-2.04233003 -1.77718067 -1.05518115
-2.04332805 -1.77425086 -1.03336251
-2.04473472 -1.77076352 -1.04025841
-2.04594779 -1.76776230 -1.05453444
-2.04866385 -1.76198471 -1.03210759
-2.05122757 -1.75717318 -1.04591429
-2.04989862 -1.75963163 -1.03797662
-2.05394983 -1.75252056 -1.04442632
-2.05291033 -1.75420952 -1.02557576
-2.05897856 -1.74492168 -1.03396749
-2.05835629 -1.74581623 -1.02952349
-2.06414509 -1.73816669 -1.05067277
-2.06010532 -1.74333060 -1.05298519
-2.06635547 -1.73563254 -1.05124366
-2.06446648 -1.73778653 -1.04832566
-2.07118702 -1.73040473 -1.05150712
-2.07200861 -1.72956765 -1.03149045
-2.07854652 -1.72342253 -1.04516208
-2.07754803 -1.72433186 -1.02490318
-2.08347583 -1.71937490 -1.04691136
-2.08063269 -1.72168612 -1.02818215
-2.08962226 -1.71484399 -1.04202175
-2.08501863 -1.71817565 -1.02788126
-2.09259987 -1.71289611 -1.04531050
-2.09044147 -1.71428049 -1.02854872
-2.09794354 -1.70961809 -1.05347729
-2.09741902 -1.70991433 -1.04625058
-2.10448527 -1.70609438 -1.05409050
-2.10432386 -1.70617390 -1.02639866
-2.11364770 -1.70193386 -1.05329645
-2.11387897 -1.70183551 -1.02605414
-2.11926794 -1.69983137 -1.03860605
-2.11706328 -1.70062613 -1.04074156
-2.12753510 -1.69723141 -1.04856968
-2.12638712 -1.69757390 -1.02994120
-2.13477182 -1.69547176 -1.03847277
-2.13302684 -1.69588721 -1.02811241
-2.14022899 -1.69448042 -1.03390038
-2.13590550 -1.69525671 -1.04984200
-2.14567208 -1.69372141 -1.04765737
-2.14235950 -1.69412601 -1.03060710
-2.15125060 -1.69317710 -1.04728031
-2.15303063 -1.69306052 -1.02943444
-2.15881491 -1.69284940 -1.03812194
-2.15856504 -1.69285166 -1.05221975
-2.16387987 -1.69286060 -1.03162467
-2.16699219 -1.69300616 -1.05248010
-2.17174172 -1.69333565 -1.04130065
-2.17225552 -1.69338870 -1.05146492
-2.18009305 -1.69438481 -1.05331123
-2.18225789 -1.69473195 -1.02627647
-2.18754125 -1.69579995 -1.05037332
-2.18941998 -1.69621027 -1.02830219
-2.19683862 -1.69820309 -1.04935098
-2.19414258 -1.69745362 -1.02781451
-2.19944787 -1.69905782 -1.04965520
-2.20169616 -1.69982100 -1.03357220
-2.21006608 -1.70305061 -1.03357983
-2.20525837 -1.70111167 -1.03715253
-2.21456671 -1.70513844 -1.04864621
-2.21259880 -1.70421326 -1.03736556
-2.22160387 -1.70878279 -1.04372513
-2.22116590 -1.70854604 -1.03264999
-2.22772861 -1.71244740 -1.02469921
-2.22730660 -1.71218777 -1.05549550
-2.23233867 -1.71555448 -1.02893746
-2.23151708 -1.71498287 -1.04571402
-2.23530245 -1.71766591 -1.03508317
-2.23926568 -1.72076643 -1.05055285
-2.24148679 -1.72262108 -1.03569937
-2.24256730 -1.72356880 -1.04731655
-2.24854589 -1.72912812 -1.03363478
-2.24934101 -1.72990847 -1.03832543
-2.25492525 -1.73590279 -1.02432132
-2.25358725 -1.73443341 -1.05258918
-2.25886035 -1.74070132 -1.02402830
-2.25700855 -1.73842335 -1.04886901
-2.26372719 -1.74730396 -1.04434180
-2.25976968 -1.74183524 -1.05520308
-2.26739216 -1.75300837 -1.03134465
-2.26545811 -1.74999321 -1.03919065
-2.27011681 -1.75779462 -1.03999925
-2.26781988 -1.75372910 -1.02810943
-2.27408195 -1.76560414 -1.03238988
-2.27167153 -1.76071632 -1.03903711
-2.27557874 -1.76911390 -1.04312336
-2.27497625 -1.76769686 -1.03048515
-2.27877164 -1.77743125 -1.03989398
-2.27798510 -1.77524948 -1.03950691
-2.28021097 -1.78198910 -1.05189097
-2.27993155 -1.78105187 -1.02443504
-2.28250623 -1.79075766 -1.04226935
-2.28203058 -1.78876019 -1.02902460
-2.28310323 -1.79359317 -1.05420053
-2.28314400 -1.79382122 -1.03554022
-2.28452086 -1.80258489 -1.04853415
-2.28434181 -1.80111933 -1.03332186
-2.28532553 -1.81180632 -1.03039467
-2.28506541 -1.80784106 -1.04777789
-2.28545332 -1.81759942 -1.03871179
-2.28542638 -1.81472945 -1.02558839
-2.28516078 -1.82688451 -1.03581488
-2.28535867 -1.82265353 -1.03940082
-2.28503704 -1.82821822 -1.03249574
-2.28462172 -1.83224249 -1.04735458
-2.28418040 -1.83565867 -1.03849328
-2.28394556 -1.83712423 -1.04913175
-2.28300738 -1.84245801 -1.03348315
-2.28260803 -1.84428632 -1.05197215
-2.28101110 -1.85080028 -1.04033208
-2.28059793 -1.85228646 -1.03742766
-2.27915311 -1.85696793 -1.03439844
-2.27820468 -1.85976195 -1.04979300
-2.27758837 -1.86152935 -1.03833628
-2.27512479 -1.86763859 -1.03984046
-2.27458262 -1.86881089 -1.04230809
-2.27274609 -1.87271786 -1.04317367
-2.26998043 -1.87801719 -1.04837430
-2.27181244 -1.87462795 -1.04676771
-2.26763582 -1.88210356 -1.05092716
-2.26814246 -1.88128018 -1.03176486
-2.26284003 -1.88947761 -1.04214239
-2.26462865 -1.88690603 -1.03506505
-2.25691724 -1.89733028 -1.04541469
-2.25865555 -1.89510810 -1.03056037
-2.25393295 -1.90075588 -1.04892278
-2.25592804 -1.89848077 -1.04169428
-2.24595833 -1.90896332 -1.04499400
-2.24802685 -1.90699220 -1.03310120
-2.24970102 -1.90528643 -1.03663170
-2.24530268 -1.90956044 -1.03190541
-2.23367333 -1.91907275 -1.04377389
-2.23729539 -1.91638887 -1.04046857
-2.24170041 -1.91280806 -1.02830374
-2.23316455 -1.91944087 -1.03863895
-2.22128820 -1.92695916 -1.05439901
-2.22740769 -1.92331874 -1.05138838
-2.22978997 -1.92179072 -1.03543174
-2.21977854 -1.92781198 -1.02849233
-2.21161795 -1.93183112 -1.03631461
-2.21301341 -1.93121099 -1.04682910
-2.21788383 -1.92880905 -1.03690183
-2.20831633 -1.93323493 -1.04093874
-2.19848394 -1.93685067 -1.04767275
-2.20195413 -1.93566740 -1.04627097
-2.20060086 -1.93615520 -1.02862453
-2.19305182 -1.93847084 -1.02805245
-2.18491316 -1.94035530 -1.03156567
-2.18762159 -1.93977582 -1.03322816
-2.19079804 -1.93901944 -1.04313421
-2.18064404 -1.94112170 -1.04052317
-2.17141676 -1.94229317 -1.04303157
-2.17550302 -1.94183671 -1.04025066
-2.17492366 -1.94190741 -1.02641833
-2.16252279 -1.94272733 -1.04252899
-2.16529942 -1.94269419 -1.04663396
-2.15941668 -1.94275630 -1.02778411
-2.15715551 -1.94272101 -1.04884529
-2.14990067 -1.94231069 -1.04520392
-2.15489864 -1.94261539 -1.04896450
-2.14434457 -1.94173729 -1.03835213
-2.13473392 -1.94005907 -1.04946935
-2.13808799 -1.94074345 -1.05390894
-2.14406228 -1.94170129 -1.03915954
-2.13219547 -1.93950450 -1.04583347
-2.11900139 -1.93565702 -1.05110919
-2.12661505 -1.93805969 -1.05168557
-2.12705517 -1.93818200 -1.03195620
-2.11332774 -1.93349564 -1.05438995
-2.11847568 -1.93547857 -1.04385519
-2.10806775 -1.93121111 -1.05608726
-2.11127901 -1.93266952 -1.05057514
-2.10551834 -1.93001258 -1.04080272
-2.10084414 -1.92758107 -1.04871023
-2.10086083 -1.92759013 -1.02858686
-2.15077949 -1.69634211 -1.05649996
-2.17720461 -1.69464540 -1.05649996
-2.21685815 -1.71217251 -1.05649996
-2.13041568 -1.70357037 -1.05649996
-2.19973493 -1.70152712 -1.05649996
-2.05191660 -1.75690389 -1.05649996
-2.19456601 -1.71217084 -1.05649996
-2.23774958 -1.73125982 -1.05649996
-2.22296333 -1.72219670 -1.05649996
-2.23167896 -1.72119844 -1.05649996
-2.05275822 -1.76695573 -1.05649996
-2.12210321 -1.71593058 -1.05649996
-2.09268975 -1.72642279 -1.05649996
-2.16324782 -1.73396850 -1.05649996
-2.22060847 -1.74174392 -1.05649996
-2.19112086 -1.73371935 -1.05649996
-2.09403253 -1.71993649 -1.05649996
-2.13393521 -1.71745086 -1.05649996
-2.17599607 -1.72839534 -1.05649996
-2.20039487 -1.73087227 -1.05649996
-2.19216514 -1.72686076 -1.05649996
-2.22354007 -1.72981966 -1.05649996
-2.21615863 -1.74890029 -1.05649996
-2.18131542 -1.74422657 -1.05649996
-2.21624422 -1.76639867 -1.05649996
-2.08933449 -1.73514962 -1.05649996
-2.13292360 -1.76486826 -1.05649996
-2.13428926 -1.74070120 -1.05649996
-2.13782096 -1.76577210 -1.05649996
-2.22109962 -1.75936532 -1.05649996
-2.23272872 -1.76374352 -1.05649996
-2.06346536 -1.76341212 -1.05649996
-2.10836172 -1.76755989 -1.05649996
-2.23135471 -1.76492858 -1.05649996
-2.20093274 -1.76324463 -1.05649996
-2.22821021 -1.75328386 -1.05649996
-2.09207821 -1.73145545 -1.05649996
-2.09648323 -1.74682772 -1.05649996
-2.06399608 -1.78812194 -1.05649996
-2.08203006 -1.73497212 -1.05649996
-2.08273721 -1.74318409 -1.05649996
-2.19089031 -1.76320302 -1.05649996
-2.13636017 -1.74644220 -1.05649996
-2.17444730 -1.74481666 -1.05649996
-2.17309499 -1.74844301 -1.05649996
-2.06092095 -1.79475129 -1.05649996
-2.12136459 -1.77571547 -1.05649996
-2.15615439 -1.74517870 -1.05649996
-2.28071547 -1.80089080 -1.05649996
-2.04137564 -1.84969795 -1.05649996
-2.22441244 -1.79486859 -1.05649996
-2.22044325 -1.81480587 -1.05649996
-2.23560262 -1.82007253 -1.05649996
-2.16467786 -1.79360592 -1.05649996
-2.24513936 -1.81869841 -1.05649996
-2.16054630 -1.80330944 -1.05649996
-2.24773169 -1.80492032 -1.05649996
-2.23904514 -1.78381681 -1.05649996
-2.21469522 -1.81542003 -1.05649996
-2.13961220 -1.80220628 -1.05649996
-2.21046400 -1.82184374 -1.05649996
-2.19844866 -1.80086160 -1.05649996
-2.17798042 -1.78885460 -1.05649996
-2.24966264 -1.80730987 -1.05649996
-2.22535372 -1.79287302 -1.05649996
-2.26057100 -1.76808488 -1.05649996
-2.24891162 -1.77716565 -1.05649996
-2.25782704 -1.79467332 -1.05649996
-2.16847062 -1.79756618 -1.05649996
-2.14299726 -1.80662692 -1.05649996
-2.16617036 -1.79607880 -1.05649996
-2.25491977 -1.76705432 -1.05649996
-2.15023065 -1.79660630 -1.05649996
-2.17552614 -1.78365302 -1.05649996
-2.14411831 -1.80579507 -1.05649996
-2.16857028 -1.79630876 -1.05649996
-2.18043423 -1.79562068 -1.05649996
-2.27986336 -1.80563951 -1.05649996
-2.03622222 -1.82599568 -1.05649996
-2.04426408 -1.83417106 -1.05649996
-2.09769058 -1.84927464 -1.05649996
-2.17205930 -1.86156082 -1.05649996
-2.19309449 -1.85840464 -1.05649996
-2.10233879 -1.81740141 -1.05649996
-2.07782960 -1.84501231 -1.05649996
-2.11899757 -1.88134217 -1.05649996
-2.22911048 -1.83951032 -1.05649996
-2.09501553 -1.84512329 -1.05649996
-2.14543319 -1.83862424 -1.05649996
-2.26840019 -1.83589673 -1.05649996
-2.11277366 -1.86129284 -1.05649996
-2.07152224 -1.88571799 -1.05649996
-2.07974744 -1.86815500 -1.05649996
-2.21165204 -1.84916663 -1.05649996
-2.05451417 -1.84196877 -1.05649996
-2.20850921 -1.84094143 -1.05649996
-2.14254236 -1.84276080 -1.05649996
-2.18920493 -1.84552824 -1.05649996
-2.09731603 -1.88490081 -1.05649996
-2.10778356 -1.86657894 -1.05649996
-2.26227069 -1.83794975 -1.05649996
-2.10219073 -1.88000524 -1.05649996
-2.10700512 -1.85670948 -1.05649996
-2.06514168 -1.85041249 -1.05649996
-2.07650137 -1.86066890 -1.05649996
-2.11411834 -1.83777976 -1.05649996
-2.14635515 -1.83511877 -1.05649996
-2.09016061 -1.84914505 -1.05649996
-2.19582224 -1.82312930 -1.05649996
-2.14934087 -1.86327958 -1.05649996
-2.20931649 -1.84250975 -1.05649996
-2.05217075 -1.83105528 -1.05649996
-2.15084720 -1.85879767 -1.05649996
-2.21096516 -1.84260643 -1.05649996
-2.06176734 -1.82709563 -1.05649996
-2.04501295 -1.85155618 -1.05649996
-2.21221614 -1.85823917 -1.05649996
-2.19654703 -1.86207008 -1.05649996
-2.16600180 -1.88050818 -1.05649996
-2.24192715 -1.86528862 -1.05649996
-2.27873755 -1.84276998 -1.05649996
-2.18522191 -1.87413299 -1.05649996
-2.15121031 -1.87868953 -1.05649996
-2.21671033 -1.85973644 -1.05649996
-2.07039213 -1.90423226 -1.05649996
-2.11032224 -1.90028226 -1.05649996
-2.24704766 -1.87757623 -1.05649996
-2.19418097 -1.87808216 -1.05649996
-2.21703053 -1.88938928 -1.05649996
-2.14254546 -1.89313912 -1.05649996
-2.16473675 -1.88332105 -1.05649996
-2.23068905 -1.87734580 -1.05649996
-2.11874652 -1.89465392 -1.05649996
-2.15643144 -1.88985264 -1.05649996
-2.12328291 -1.90416265 -1.05649996
-2.23988056 -1.89151657 -1.05649996
-2.17297268 -1.89856148 -1.05649996
-2.20788598 -1.89677191 -1.05649996
-2.16451240 -1.89835024 -1.05649996
-2.15274763 -1.90521455 -1.05649996
-2.08639693 -1.91459036 -1.05649996
-2.11530471 -1.92921448 -1.05649996
-2.09863710 -1.91665363 -1.05649996
-2.17399096 -1.90787768 -1.05649996
-2.11378050 -1.91390097 -1.05649996
-2.11413574 -1.90863097 -1.05649996
-2.19877934 -1.91040754 -1.05649996
-2.16796184 -1.92614508 -1.05649996
-2.15848160 -1.92475176 -1.05649996
-2.23285365 -1.91498208 -1.05649996
-2.16986179 -1.92838955 -1.05649996
-2.17773700 -1.93015897 -1.05649996
-2.17489100 -1.93348420 -1.05649996
-2.19529510 -1.92991841 -1.05649996
-2.18671799 -1.93371189 -1.05649996
-2.19369912 -1.93391514 -1.05649996
-2.25456548 -1.73922420 -1.02400017
-2.27148056 -1.82083738 -1.02400017
-2.27662110 -1.81955731 -1.02400017
-2.27064204 -1.84579861 -1.02400017
-2.28068018 -1.83378887 -1.02400017
-2.25467038 -1.74076807 -1.02400017
-2.26164508 -1.85838640 -1.02400017
-2.26151466 -1.83966327 -1.02400017
-2.24465346 -1.90611184 -1.02400017
-2.26659775 -1.82411706 -1.02400017
-2.25356913 -1.84558260 -1.02400017
-2.26686621 -1.79022789 -1.02400017
-2.24576235 -1.88439739 -1.02400017
-2.24454379 -1.87114632 -1.02400017
-2.24987125 -1.83590186 -1.02400017
-2.25273824 -1.82936537 -1.02400017
-2.17979479 -1.70515716 -1.02400017
-2.19636321 -1.71002984 -1.02400017
-2.18008900 -1.69885445 -1.02400017
-2.22639227 -1.90542459 -1.02400017
-2.21613121 -1.90950167 -1.02400017
-2.24439049 -1.84209681 -1.02400017
-2.23096204 -1.88271570 -1.02400017
-2.22969007 -1.88518250 -1.02400017
-2.10002995 -1.71538663 -1.02400017
-2.07584667 -1.72906494 -1.02400017
-2.12116146 -1.71226203 -1.02400017
-2.12727332 -1.70600450 -1.02400017
-2.11842084 -1.81719375 -1.02400017
-2.17849874 -1.76008236 -1.02400017
-2.13278818 -1.79674172 -1.02400017
-2.11136627 -1.85296428 -1.02400017
-2.24856877 -1.75118935 -1.02400017
-2.16242576 -1.81146419 -1.02400017
-2.12542892 -1.87118399 -1.02400017
-2.20235872 -1.72288060 -1.02400017
-2.21290231 -1.78003442 -1.02400017
-2.16233277 -1.75617146 -1.02400017
-2.15476131 -1.84246671 -1.02400017
-2.16721010 -1.76247954 -1.02400017
-2.18805718 -1.76160073 -1.02400017
-2.11588717 -1.85738790 -1.02400017
-2.25441194 -1.75991857 -1.02400017
-2.23493505 -1.74058819 -1.02400017
-2.11002398 -1.86735439 -1.02400017
-2.16934538 -1.74248886 -1.02400017
-2.10731649 -1.88821530 -1.02400017
-2.17014861 -1.76884007 -1.02400017
-2.18912387 -1.79657435 -1.02400017
-2.13781810 -1.82210255 -1.02400017
-2.12524199 -1.84774399 -1.02400017
-2.14117742 -1.77429211 -1.02400017
-2.19298053 -1.78988481 -1.02400017
-2.20713115 -1.77916050 -1.02400017
-2.12433529 -1.84788489 -1.02400017
-2.22221518 -1.78116775 -1.02400017
-2.13734579 -1.81341505 -1.02400017
-2.16805577 -1.81969142 -1.02400017
-2.18563604 -1.72561252 -1.02400017
-2.23491931 -1.75374937 -1.02400017
-2.13671660 -1.81641138 -1.02400017
-2.21286726 -1.77169490 -1.02400017
-2.13358188 -1.81420636 -1.02400017
-2.17489624 -1.79200125 -1.02400017
-2.17898393 -1.83274162 -1.02400017
-2.18315601 -1.72957146 -1.02400017
-2.22272754 -1.73426723 -1.02400017
-2.18694782 -1.74634588 -1.02400017
-2.21979117 -1.75761247 -1.02400017
-2.15139651 -1.73342943 -1.02400017
-2.17892790 -1.76177442 -1.02400017
-2.18629384 -1.71081090 -1.02400017
-2.26332426 -1.76130223 -1.02400017
-2.12843704 -1.89889669 -1.02400017
-2.24945593 -1.78261030 -1.02400017
-2.14438224 -1.92304313 -1.02400017
-2.22398210 -1.81455004 -1.02400017
-2.22395039 -1.84188330 -1.02400017
-2.11927629 -1.91480780 -1.02400017
-2.12947369 -1.88872826 -1.02400017
-2.10388041 -1.91130412 -1.02400017
-2.19789720 -1.87485766 -1.02400017
-2.25102186 -1.78561842 -1.02400017
-2.16254592 -1.86203527 -1.02400017
-2.15623093 -1.87179983 -1.02400017
-2.19595432 -1.85733581 -1.02400017
-2.20973682 -1.81902218 -1.02400017
-2.14326572 -1.90251112 -1.02400017
-2.14509392 -1.89616537 -1.02400017
-2.17640233 -1.85237396 -1.02400017
-2.16352820 -1.89625096 -1.02400017
-2.13971138 -1.89965689 -1.02400017
-2.19480538 -1.88775146 -1.02400017
-2.19522023 -1.82920146 -1.02400017
-2.16897964 -1.90406048 -1.02400017
-2.22356367 -1.80824339 -1.02400017
-2.09604740 -1.91838205 -1.02400017
-2.19109869 -1.92927098 -1.02400017
-2.20579100 -1.92803800 -1.02400017
-2.13578081 -1.92347121 -1.02400017
-2.24539542 -1.80457246 -1.02400017
-2.22028279 -1.82733786 -1.02400017
-2.13864470 -1.90169406 -1.02400017
-2.15964270 -1.87979698 -1.02400017
-2.20990396 -1.92305100 -1.02400017
-2.19957757 -1.86462283 -1.02400017
-2.17148733 -1.94039571 -1.02400017
-2.18067551 -1.93687606 -1.02400017
-2.11934257 -1.92364538 -1.02400017
-2.12947345 -1.93328404 -1.02400017
-2.13173366 -1.93141007 -1.02400017
-2.04483700 -1.78443289 -1.02400017
-2.05017304 -1.83769417 -1.02400017
-2.05126357 -1.82118702 -1.02400017
-2.04823470 -1.82731986 -1.02400017
-2.04605031 -1.84628689 -1.02400017
-2.07920790 -1.78238082 -1.02400017
-2.09624004 -1.78353345 -1.02400017
-2.07080913 -1.85395396 -1.02400017
-2.09517407 -1.73638999 -1.02400017
-2.06404996 -1.85314190 -1.02400017
-2.07691574 -1.74618769 -1.02400017
-2.05545640 -1.78500104 -1.02400017
-2.06031179 -1.86457253 -1.02400017
-2.08960915 -1.77321124 -1.02400017
-2.09663010 -1.78880715 -1.02400017
-2.10870099 -1.74152040 -1.02400017
-2.05986571 -1.80165398 -1.02400017
-2.10316849 -1.73820388 -1.02400017
-2.13888335 -1.71431959 -1.02400017
-2.05418205 -1.75957596 -1.02400017
-2.09087682 -1.80915999 -1.02400017
-2.08877635 -1.76620650 -1.02400017
-2.06246328 -1.75667691 -1.02400017
-2.07355094 -1.81494021 -1.02400017
-2.09333968 -1.80318534 -1.02400017
-2.13807344 -1.72502029 -1.02400017
-2.10036707 -1.86874115 -1.02400017
-2.08816743 -1.86391902 -1.02400017
-2.10054803 -1.84456408 -1.02400017
-2.08625174 -1.88947892 -1.02400017
-2.09976530 -1.83763254 -1.02400017
-2.09409547 -1.89196360 -1.02400017
-2.09164929 -1.88236642 -1.02400017
-2.09376669 -1.89161432 -1.02400017
-2.11484790 -1.77703273 -1.02400017
-2.09879470 -1.80928898 -1.02400017
-2.10842061 -1.83128881 -1.02400017
-2.07065463 -1.88504231 -1.02400017
-2.12626743 -1.75936508 -1.02400017
-2.03741503 -1.81485474 -1.02400017
-2.03598118 -1.81033373 -1.02400017
-2.04322600 -1.85161412 -1.02400017
-2.11454535 -1.89384305 -0.70045346
-2.11335254 -1.89310038 -0.70762587
-2.11360765 -1.89325917 -0.59910727
-2.11391091 -1.89344811 -0.63618261
-2.11216879 -1.89236307 -1.01762974
-2.11361051 -1.89326096 -0.78093272
-2.11499476 -1.89412308 -0.47216371
-2.11296535 -1.89285910 -0.69035047
-2.11101007 -1.89164150 -0.44387868
-2.11233449 -1.89246631 -0.13544992
-2.11436749 -1.89373243 -0.23658332
-2.11125803 -1.89179587 -0.35520285
-2.11251640 -1.89257956 -0.28364554
-2.11451888 -1.89382660 -0.28694436
-2.11346626 -1.89317107 -0.56565988
-2.11472321 -1.89395392 -0.15627941
-2.10788035 -1.88938916 -0.78107232
-2.10679412 -1.88860738 -0.92558110
-2.10782099 -1.88934648 -0.87615162
-2.10997558 -1.89089715 -0.53435063
-2.11097693 -1.89161801 -0.85764033
-2.11015630 -1.89102745 -0.75064397
-2.10795236 -1.88944113 -0.75198478
-2.11049843 -1.89127362 -0.69563061
-2.10709596 -1.88882470 -0.63021505
-2.10732174 -1.88898718 -0.56402546
-2.10647297 -1.88837624 -0.47681844
-2.10694861 -1.88871861 -0.79607332
-2.10626364 -1.88822556 -0.30190501
-2.10655069 -1.88843226 -0.31929728
-2.10750151 -1.88911653 -0.21091841
-2.10657096 -1.88844681 -0.86947799
-2.10274720 -1.88532782 -0.83328390
-2.10578990 -1.88784254 -0.57024604
-2.10566640 -1.88774049 -0.61542511
-2.10556793 -1.88765907 -0.73241013
-2.10605979 -1.88806570 -0.67463344
-2.10498714 -1.88717902 -0.59927559
-2.10336542 -1.88583875 -0.95111471
-2.10295749 -1.88550162 -0.85691154
-2.10241342 -1.88505173 -0.85303849
-2.10167241 -1.88443935 -0.31780171
-2.10520005 -1.88735497 -0.14892522
-2.10269785 -1.88528681 -0.45004109
-2.10439658 -1.88669097 -0.18253751
-2.10204864 -1.88475037 -0.11405879
-2.10264111 -1.88523996 -0.50464398
-2.10397434 -1.88634205 -0.12582298
-2.10088801 -1.88370550 -0.59912932
-2.09973812 -1.88261807 -0.56986207
-2.09881639 -1.88174617 -0.71233201
-2.10157490 -1.88435531 -0.96630979
-2.10071874 -1.88354552 -0.46574622
-2.10017228 -1.88302863 -0.64235812
-2.09945965 -1.88235474 -0.89662206
-2.10156989 -1.88435054 -0.79712850
-2.09737778 -1.88038564 -0.37995145
-2.10018849 -1.88304412 -0.12311987
-2.09876275 -1.88169551 -0.34579054
-2.09824014 -1.88120115 -0.20645346
-2.09902501 -1.88194358 -0.12722269
-2.09960485 -1.88249195 -0.19115560
-2.09965801 -1.88254225 -0.49885088
-2.09774518 -1.88073301 -0.61721414
-2.09726524 -1.88027608 -0.52028704
-2.09682298 -1.87979794 -0.28777021
-2.09628010 -1.87921107 -0.89079356
-2.09720445 -1.88021040 -0.38098410
-2.09655595 -1.87950921 -0.89580572
-2.09611464 -1.87903225 -0.80337602
-2.09488416 -1.87770188 -0.71610743
-2.09707451 -1.88006973 -1.00270963
-2.09526110 -1.87810946 -0.41375107
-2.09508085 -1.87791455 -0.53779930
-2.09394336 -1.87668467 -0.52345401
-2.09602404 -1.87893414 -0.26971987
-2.09326148 -1.87594736 -0.82312405
-2.09577465 -1.87866461 -0.23895977
-2.09371376 -1.87643647 -0.52877045
-2.09397674 -1.87672079 -0.84618604
-2.09287953 -1.87547576 -0.98499125
-2.09165287 -1.87395775 -0.77428615
-2.09310770 -1.87575817 -0.57547200
-2.09265876 -1.87520266 -0.81702304
-2.09248233 -1.87498438 -0.60175413
-2.09096026 -1.87310040 -0.93843383
-2.09256625 -1.87508798 -0.35096624
-2.09265018 -1.87519217 -0.95358872
-2.09071016 -1.87279105 -0.37913153
-2.09191036 -1.87427652 -0.31172991
-2.09195304 -1.87432921 -0.11857461
-2.08970976 -1.87155271 -0.12294880
-2.09035373 -1.87234986 -0.80419731
-2.09088349 -1.87300563 -0.62735844
-2.08989215 -1.87177861 -0.63556314
-2.09044337 -1.87246072 -0.38957357
-2.08727765 -1.86812830 -0.82776564
-2.08910584 -1.87072873 -0.78319830
-2.08877444 -1.87025738 -0.44087058
-2.08688593 -1.86757112 -0.92975700
-2.08756566 -1.86853778 -0.72411644
-2.08800220 -1.86915886 -0.89403743
-2.08714485 -1.86793935 -0.97012311
-2.08936548 -1.87109828 -0.51193684
-2.08762765 -1.86862612 -0.27558163
-2.08627009 -1.86669481 -0.47071823
-2.08749247 -1.86843383 -0.51829982
-2.08650327 -1.86702669 -0.65127707
-2.08778715 -1.86885285 -0.48666412
-2.08843994 -1.86978161 -0.24151237
-2.08644295 -1.86694074 -0.79136860
-2.08615589 -1.86653244 -0.94259727
-2.08335710 -1.86193669 -0.97590578
-2.08587575 -1.86608326 -0.24251676
-2.08557749 -1.86559200 -0.41300482
-2.08526874 -1.86508393 -0.64024919
-2.08598185 -1.86625791 -0.29604292
-2.08490825 -1.86449039 -1.00313354
-2.08551574 -1.86549056 -0.95378184
-2.08519888 -1.86496890 -0.85582685
-2.08414006 -1.86322570 -0.18936235
-2.08376718 -1.86261177 -0.45080283
-2.08332157 -1.86187840 -0.25876790
-2.08496332 -1.86458123 -0.29743171
-2.08446503 -1.86376059 -0.44112524
-2.08575916 -1.86589110 -0.17555039
-2.08528972 -1.86511838 -0.32384276
-2.08545136 -1.86538458 -0.21468730
-2.08297372 -1.86129332 -0.78994155
-2.08192492 -1.85927379 -0.85867292
-2.08250785 -1.86039639 -0.28920785
-2.08264446 -1.86065948 -0.34242126
-2.08258843 -1.86055112 -0.78880721
-2.08223796 -1.85987663 -0.65460241
-2.08115053 -1.85778260 -0.95923924
-2.08282900 -1.86101449 -0.30586421
-2.08241534 -1.86021817 -0.20783316
-2.08208585 -1.85958362 -0.18090071
-2.08147883 -1.85841501 -0.51970696
-2.08032441 -1.85619199 -0.99702191
-2.08109140 -1.85766876 -0.22699131
-2.08135581 -1.85817814 -0.50148052
-2.08116889 -1.85781801 -0.49071157
-2.08052063 -1.85656989 -0.43815026
-2.07939577 -1.85408401 -0.24287750
-2.07892776 -1.85301387 -0.44685462
-2.07820272 -1.85135567 -0.20136817
-2.07860470 -1.85227501 -0.23601145
-2.07985115 -1.85512543 -0.74775487
-2.07997108 -1.85539973 -0.36719120
-2.07973194 -1.85485280 -0.34855294
-2.07910466 -1.85341811 -0.13737713
-2.07640433 -1.84650648 -0.96116656
-2.07633495 -1.84631371 -0.95714682
-2.07760715 -1.84984946 -0.35513648
-2.07732630 -1.84906840 -0.77999073
-2.07702494 -1.84823132 -0.90809977
-2.07669687 -1.84731948 -0.90285271
-2.07649660 -1.84676266 -0.90669543
-2.07692218 -1.84794569 -0.58617818
-2.07792282 -1.85071516 -0.45408681
-2.07817769 -1.85129809 -0.22972210
-2.07849264 -1.85201848 -0.90168613
-2.07896280 -1.85309362 -0.60515141
-2.07793999 -1.85075438 -0.38936055
-2.07814240 -1.85121739 -0.25512552
-2.07926631 -1.85378790 -0.84319705
-2.07854533 -1.85213912 -0.40160316
-2.07476211 -1.84113324 -0.89670473
-2.07583237 -1.84487605 -0.35526368
-2.07553339 -1.84383047 -0.41607273
-2.07485199 -1.84144747 -0.79359388
-2.07524371 -1.84281778 -0.78494889
-2.07489395 -1.84159398 -0.67904586
-2.07567406 -1.84432280 -0.66802967
-2.07514095 -1.84245777 -0.92262775
-2.07660413 -1.84706163 -0.41892153
-2.07625055 -1.84607863 -0.71374124
-2.07713223 -1.84852946 -0.25141612
-2.07596254 -1.84527850 -0.94707632
-2.07659173 -1.84702682 -0.47651115
-2.07730150 -1.84899974 -0.37170726
-2.07719254 -1.84869683 -0.37538493
-2.07633257 -1.84630692 -0.43623015
-2.07539845 -1.84335852 -0.34540322
-2.07448983 -1.84018087 -0.25548372
-2.07535648 -1.84321165 -0.25373977
-2.07495856 -1.84182024 -0.61201626
-2.07435942 -1.83972442 -0.86339790
-2.07485509 -1.84145844 -0.45229793
-2.07497764 -1.84188688 -0.23269150
-2.07484651 -1.84142804 -0.26970267
-2.07378817 -1.83718610 -0.95510972
-2.07417798 -1.83900094 -0.98120344
-2.07324958 -1.83468008 -0.36905292
-2.07333350 -1.83506989 -0.48888361
-2.07317019 -1.83431065 -1.00763404
-2.07371140 -1.83682883 -0.79184145
-2.07364941 -1.83654046 -0.64067256
-2.07403350 -1.83832824 -0.94659829
-2.07405281 -1.83841765 -0.33061498
-2.07372451 -1.83689022 -0.33368427
-2.07403493 -1.83833444 -0.30980623
-2.07409239 -1.83860195 -0.52363384
-2.07378840 -1.83718777 -0.42394623
-2.07390833 -1.83774507 -0.12838449
-2.07348657 -1.83578312 -0.32885700
-2.07412028 -1.83873200 -0.65083569
-2.07177591 -1.82288694 -0.89630562
-2.07184958 -1.82382977 -0.87922543
-2.07194757 -1.82508552 -0.57906115
-2.07208633 -1.82686090 -0.56368506
-2.07196927 -1.82536173 -0.97881669
-2.07194042 -1.82499206 -0.78600478
-2.07193327 -1.82490039 -0.59277040
-2.07211614 -1.82724202 -0.33922732
-2.07231879 -1.82883132 -0.63867742
-2.07253599 -1.83032048 -0.56879354
-2.07279563 -1.83210015 -0.81327730
-2.07264495 -1.83106792 -0.94625103
-2.07255888 -1.83047760 -0.78328764
-2.07277107 -1.83193207 -0.97769278
-2.07271338 -1.83153749 -0.76022989
-2.07224703 -1.82833862 -0.53374636
-2.07282996 -1.83233631 -0.51861674
-2.07238770 -1.82930410 -0.12504740
-2.07297492 -1.83332992 -0.77472347
-2.07262564 -1.83093524 -0.38044637
-2.07249165 -1.83001590 -0.37414792
-2.07298470 -1.83339751 -0.18355972
-2.07273507 -1.83168554 -0.27885446
-2.07289720 -1.83279753 -0.78667074
-2.07182527 -1.82352018 -0.62580478
-2.07193947 -1.82498121 -0.18457542
-2.07188582 -1.82429266 -0.58277041
-2.07169819 -1.82189286 -0.48721278
-2.07188058 -1.82422781 -0.51506054
-2.07170367 -1.82196450 -0.94333291
-2.07203269 -1.82617295 -0.14847536
-2.07180715 -1.82328773 -0.35495529
-2.07164311 -1.81780422 -0.63577306
-2.07165098 -1.81852400 -0.79239029
-2.07165551 -1.81891310 -0.62326211
-2.07165313 -1.81870866 -0.98531377
-2.07162809 -1.81646848 -0.68502367
-2.07164359 -1.81785762 -0.69084650
-2.07162285 -1.81598735 -0.87820780
-2.07165313 -1.81870174 -0.67489552
-2.07168365 -1.82145572 -0.31340888
-2.07167482 -1.82065332 -0.11972674
-2.07166433 -1.81970704 -0.49388209
-2.07166934 -1.82015538 -0.17757639
-2.07168341 -1.82142115 -0.13164896
-2.07167578 -1.82074535 -0.53801614
-2.07164717 -1.81817687 -0.35625675
-2.07166696 -1.81994593 -0.45842329
-2.07167029 -1.81492412 -0.95150846
-2.07172418 -1.81395674 -0.93617904
-2.07171631 -1.81409967 -0.92163241
-2.07191753 -1.81048906 -0.72266662
-2.07180572 -1.81249499 -0.59022945
-2.07180524 -1.81250131 -0.59494388
-2.07189655 -1.81086469 -0.72168642
-2.07170844 -1.81424010 -0.80562294
-2.07173967 -1.81367648 -0.48792717
-2.07166362 -1.81504118 -0.44914529
-2.07185149 -1.81167495 -0.13689923
-2.07190633 -1.81069231 -0.18660942
-2.07177806 -1.81299067 -0.51057988
-2.07170725 -1.81425977 -0.19677174
-2.07162905 -1.81566215 -0.93162429
-2.07164407 -1.81539118 -0.68019229
-2.07377148 -1.79827416 -1.01266539
-2.07287049 -1.80297554 -0.40452689
-2.07290983 -1.80276978 -0.64893007
-2.07364035 -1.79895866 -0.93687481
-2.07295704 -1.80252314 -0.86493647
-2.07318902 -1.80131280 -0.57948989
-2.07282400 -1.80321741 -1.01974821
-2.07311726 -1.80168736 -0.73434591
-2.07237649 -1.80642629 -0.84252602
-2.07243371 -1.80596316 -0.64279187
-2.07261229 -1.80451179 -0.55080146
-2.07249045 -1.80550122 -0.37263587
-2.07264066 -1.80428159 -0.24720201
-2.07267642 -1.80399084 -0.41583875
-2.07252169 -1.80524826 -0.97350746
-2.07242656 -1.80601978 -0.49364671
-2.07206082 -1.80899084 -0.74405175
-2.07221985 -1.80770004 -0.53701210
-2.07195663 -1.80983615 -0.70744759
-2.07198405 -1.80961370 -0.49748182
-2.07217646 -1.80805230 -0.17371623
-2.07256913 -1.80486310 -0.17135961
-2.07213831 -1.80836213 -0.15892871
-2.07196188 -1.80979502 -0.46486425
-2.07374477 -1.79841340 -0.76989228
-2.07374907 -1.79839075 -0.67669135
-2.07356048 -1.79937506 -0.16436787
-2.07354522 -1.79945517 -0.61089575
-2.07351160 -1.79962969 -0.64425975
-2.07365656 -1.79887354 -0.64130652
-2.07347441 -1.79982436 -0.52097481
-2.07368255 -1.79873872 -0.89447838
-2.07400846 -1.79733503 -0.91341382
-2.07421494 -1.79654753 -0.87109649
-2.07489657 -1.79394615 -0.56779498
-2.07529783 -1.79241443 -0.75559556
-2.07461810 -1.79500866 -0.57804227
-2.07512951 -1.79305708 -0.91870326
-2.07486224 -1.79407728 -0.67599910
-2.07493353 -1.79380500 -0.55581290
-2.07448626 -1.79551208 -0.26252764
-2.07411790 -1.79691792 -0.36644018
-2.07443190 -1.79571974 -0.53047341
-2.07421708 -1.79653943 -0.27785447
-2.07395530 -1.79753876 -0.68901116
-2.07396722 -1.79749262 -0.41883415
-2.07467294 -1.79479957 -0.48411512
-2.07408476 -1.79704404 -0.51465005
-2.07696199 -1.78744066 -0.82207465
-2.07652736 -1.78873873 -0.68615085
-2.07686830 -1.78772044 -0.51378137
-2.07707620 -1.78709912 -0.56689757
-2.07673359 -1.78812242 -0.64065450
-2.07709098 -1.78705525 -0.46633765
-2.07596827 -1.79040849 -0.72071058
-2.07554603 -1.79166985 -0.96721286
-2.07598782 -1.79035020 -0.16191131
-2.07597876 -1.79037738 -0.23323852
-2.07543945 -1.79198813 -0.20526244
-2.07548618 -1.79184878 -0.27442810
-2.07541203 -1.79206991 -0.61649674
-2.07560444 -1.79149544 -0.23075250
-2.07584858 -1.79076624 -0.21056065
-2.07537150 -1.79219115 -0.46307102
-2.07892060 -1.78254950 -0.85747600
-2.07912374 -1.78205502 -0.81940228
-2.07853723 -1.78348231 -0.70964777
-2.07921576 -1.78183103 -0.72964078
-2.07738376 -1.78628910 -1.01192379
-2.07845616 -1.78367925 -0.87474179
-2.07854176 -1.78347123 -0.86469764
-2.07921839 -1.78182495 -0.59969229
-2.07762170 -1.78570998 -0.36703524
-2.07756567 -1.78584611 -0.34442157
-2.07758427 -1.78580117 -0.51089841
-2.07857156 -1.78339851 -0.21332897
-2.07728171 -1.78653753 -0.62201107
-2.07721972 -1.78668833 -0.23457947
-2.07758713 -1.78579414 -0.78644532
-2.07720566 -1.78672242 -0.72092253
-2.08006835 -1.78000402 -0.93191379
-2.08069849 -1.77872169 -0.92427826
-2.08187652 -1.77632451 -0.58660948
-2.08098912 -1.77813017 -0.57522732
-2.08198047 -1.77611268 -0.54430997
-2.08093834 -1.77823377 -0.77934319
-2.08161974 -1.77684712 -0.44320890
-2.08085442 -1.77840412 -0.73057610
-2.08092999 -1.77825058 -0.24250515
-2.08081102 -1.77849281 -0.22831854
-2.07990360 -1.78033948 -0.38588312
-2.07951021 -1.78113985 -0.95012575
-2.08071685 -1.77868438 -0.23731402
-2.08120179 -1.77769756 -0.28381914
-2.08019996 -1.77973604 -0.61980337
-2.08120608 -1.77768898 -0.33189571
-2.08282018 -1.77463233 -0.83538961
-2.08479643 -1.77120948 -0.27862334
-2.08439970 -1.77189660 -0.75640106
-2.08356380 -1.77334416 -0.99184507
-2.08375931 -1.77300584 -0.99522436
-2.08251214 -1.77516568 -1.00758410
-2.08423948 -1.77217424 -0.67947024
-2.08337498 -1.77367127 -0.90564650
-2.08406591 -1.77247477 -0.39232343
-2.08434653 -1.77198863 -0.14518239
-2.08369279 -1.77312076 -0.14698020
-2.08269835 -1.77484345 -0.28826982
-2.08251691 -1.77515769 -0.65541553
-2.08255076 -1.77509880 -0.23830068
-2.08270192 -1.77483702 -0.60592800
-2.08221841 -1.77567470 -0.26706976
-2.08631897 -1.76888001 -0.79852283
-2.08553004 -1.77005720 -0.98223543
-2.08791351 -1.76650071 -0.48149347
-2.08805203 -1.76629388 -0.39494398
-2.08816481 -1.76612556 -0.58340490
-2.08818054 -1.76610219 -0.99260420
-2.08829093 -1.76593745 -0.79307801
-2.08733678 -1.76736128 -0.53478813
-2.08595657 -1.76942062 -0.60956770
-2.08534217 -1.77033734 -0.31887478
-2.08537865 -1.77028298 -0.51962197
-2.08618784 -1.76907551 -0.19764605
-2.08683038 -1.76811671 -0.37321299
-2.08699775 -1.76786709 -0.30129388
-2.08800220 -1.76636827 -0.13764857
-2.08675432 -1.76823020 -0.19704966
-2.08863020 -1.76548731 -0.22274615
-2.09028101 -1.76334810 -0.45056883
-2.08881330 -1.76524985 -0.27350301
-2.09125662 -1.76208413 -0.18014169
-2.08933520 -1.76457381 -0.35106918
-2.08896661 -1.76505125 -0.30485460
-2.09021711 -1.76343107 -0.23098987
-2.09082675 -1.76264095 -0.13464177
-2.08986688 -1.76388466 -0.72227687
-2.09106660 -1.76233029 -0.40414250
-2.09190154 -1.76124859 -0.93123090
-2.08872104 -1.76536953 -1.01088464
-2.09059572 -1.76294041 -0.55348611
-2.09148359 -1.76179016 -0.77774167
-2.09108329 -1.76230860 -0.45201901
-2.09149361 -1.76177704 -0.62356830
-2.09328723 -1.75966942 -0.23131967
-2.09247112 -1.76059234 -0.21693522
-2.09430766 -1.75851572 -0.18792732
-2.09474540 -1.75802052 -0.25782633
-2.09476972 -1.75799322 -0.29612720
-2.09561753 -1.75703454 -0.16535749
-2.09221745 -1.76087904 -0.16876747
-2.09215546 -1.76094937 -0.31450984
-2.09292698 -1.76007688 -1.00300550
-2.09324574 -1.75971651 -0.97836918
-2.09569287 -1.75694931 -0.80271292
-2.09539199 -1.75728953 -0.23825279
-2.09528041 -1.75741577 -0.28175163
-2.09350634 -1.75942159 -1.01918495
-2.09304070 -1.75994813 -0.82594800
-2.09538722 -1.75729489 -0.38121143
-2.09623599 -1.75638115 -0.15109229
-2.09662795 -1.75599372 -0.42132235
-2.09701681 -1.75560915 -0.17964426
-2.09682631 -1.75579751 -0.61654437
-2.09887052 -1.75377607 -0.37623054
-2.09726453 -1.75536430 -0.31145039
-2.09649777 -1.75612235 -0.41548443
-2.09657693 -1.75604415 -0.13258447
-2.09885693 -1.75378942 -0.64266735
-2.10004663 -1.75261307 -0.63734692
-2.09769797 -1.75493562 -0.82794625
-2.10006046 -1.75259948 -0.39641365
-2.09654999 -1.75607085 -0.94376385
-2.09946132 -1.75319195 -0.33212599
-2.09734082 -1.75528872 -1.01747751
-2.09926319 -1.75338781 -0.90633923
-2.10156441 -1.75128961 -0.18435125
-2.10028195 -1.75239873 -0.89563608
-2.10087442 -1.75188637 -0.35673955
-2.10076904 -1.75197744 -0.45516720
-2.10394931 -1.74922740 -0.20788676
-2.10098958 -1.75178683 -0.50941378
-2.10310173 -1.74996018 -0.38079113
-2.10161471 -1.75124609 -0.39906991
-2.10399699 -1.74918604 -0.51293433
-2.10444689 -1.74879706 -1.01553285
-2.10115695 -1.75164199 -0.96595168
-2.10457039 -1.74869013 -0.66754156
-2.10245442 -1.75051999 -0.76236707
-2.10453987 -1.74871671 -1.01328528
-2.10341430 -1.74968994 -0.62176651
-2.10085464 -1.75190353 -1.00508225
-2.10782480 -1.74622941 -0.51875800
-2.10617423 -1.74747407 -0.97631204
-2.10667396 -1.74709725 -0.79095989
-2.10606670 -1.74755526 -0.87849492
-2.10679150 -1.74700856 -0.83487588
-2.10862374 -1.74562681 -0.91885936
-2.10924149 -1.74516106 -0.76633358
-2.10509968 -1.74828446 -0.94240886
-2.10601830 -1.74759173 -0.18377395
-2.10512018 -1.74826908 -0.12835911
-2.10735083 -1.74658680 -0.35328653
-2.10553956 -1.74795282 -0.55514032
-2.10563970 -1.74787724 -0.52933508
-2.10605621 -1.74756312 -0.13785562
-2.10809636 -1.74602449 -0.13785067
-2.10682344 -1.74698448 -0.18332838
-2.11253357 -1.74299431 -0.90146643
-2.11430907 -1.74183273 -0.15911226
-2.11144805 -1.74370432 -0.78515995
-2.11112404 -1.74391651 -0.70561975
-2.11342883 -1.74240875 -0.48973963
-2.11342430 -1.74241161 -0.90144664
-2.11247516 -1.74303257 -0.67113823
-2.11193180 -1.74338794 -0.88714927
-2.11013055 -1.74456620 -0.33494240
-2.11112046 -1.74391878 -0.44306380
-2.11042380 -1.74437439 -0.19948518
-2.11173630 -1.74351597 -0.52440083
-2.11341524 -1.74241757 -0.25029314
-2.10996604 -1.74467385 -0.66635710
-2.11084867 -1.74409652 -0.55638278
-2.11360049 -1.74229646 -0.23124397
-2.11818337 -1.73964989 -0.49394783
-2.11863732 -1.73939455 -0.29364848
-2.11849570 -1.73947418 -0.60112000
-2.11906290 -1.73915517 -0.24087632
-2.11834979 -1.73955631 -0.41615936
-2.11887407 -1.73926139 -0.91425008
-2.11939049 -1.73897076 -0.49813500
-2.11676502 -1.74044800 -0.75199562
-2.11903715 -1.73916972 -0.12236895
-2.11465549 -1.74163473 -0.78200221
-2.11626196 -1.74073088 -0.15908094
-2.11758256 -1.73998797 -0.23880252
-2.11577654 -1.74100411 -0.17198461
-2.11546803 -1.74117768 -0.71397436
-2.11563063 -1.74108613 -0.40408224
-2.11686754 -1.74039030 -0.44620135
-2.12118483 -1.73810256 -0.83034956
-2.12057877 -1.73839211 -1.00050962
-2.12195301 -1.73773563 -1.01777220
-2.12260246 -1.73742533 -0.91229379
-2.12164831 -1.73788118 -0.87162316
-2.12346792 -1.73701203 -0.72535628
-2.12355900 -1.73696852 -0.37276095
-2.12183309 -1.73779297 -0.88620132
-2.11984658 -1.73874187 -0.72607505
-2.12025785 -1.73854530 -0.54883033
-2.12026644 -1.73854125 -0.18201092
-2.12350869 -1.73699248 -0.22648101
-2.12181067 -1.73780358 -0.35960639
-2.12041593 -1.73846984 -0.86761600
-2.12218142 -1.73762655 -0.49446011
-2.12199473 -1.73771572 -0.25475350
-2.12915039 -1.73463774 -0.90691268
-2.13005567 -1.73427737 -0.21303363
-2.12654114 -1.73567605 -0.85565937
-2.12969708 -1.73442006 -0.95561421
-2.12850809 -1.73489332 -0.95850414
-2.12821364 -1.73501050 -0.63817829
-2.13032961 -1.73416841 -0.35577157
-2.12740207 -1.73533344 -0.96583301
-2.12815046 -1.73503566 -0.21149771
-2.12705755 -1.73547065 -0.60987025
-2.12848878 -1.73490095 -0.20452267
-2.12711906 -1.73544610 -0.35910386
-2.12972116 -1.73441041 -0.13981134
-2.12767720 -1.73522389 -0.42375499
-2.12837315 -1.73494697 -0.27401352
-2.12571073 -1.73600662 -0.16448504
-2.13334250 -1.73319125 -0.65499616
-2.13464141 -1.73277235 -0.99468917
-2.13154984 -1.73376930 -0.91231859
-2.13492274 -1.73268163 -0.86478972
-2.13355756 -1.73312187 -0.98262239
-2.13216329 -1.73357153 -0.91260684
-2.13320351 -1.73323607 -0.82367969
-2.13524294 -1.73257840 -0.66908336
-2.13323593 -1.73322558 -0.47204760
-2.13080478 -1.73400950 -0.83135700
-2.13438654 -1.73285460 -0.37008396
-2.13470507 -1.73275185 -0.17700450
-2.13161802 -1.73374736 -0.47393554
-2.13135648 -1.73383164 -0.24432476
-2.13099265 -1.73394895 -0.58286047
-2.13110089 -1.73391402 -0.20053393
-2.14118624 -1.73103297 -0.29505435
-2.14044642 -1.73121798 -0.85610032
-2.13763118 -1.73192215 -0.83565098
-2.13777113 -1.73188710 -0.84429169
-2.14113688 -1.73104537 -0.60637766
-2.14117980 -1.73103464 -1.01084828
-2.14059734 -1.73118019 -0.46652222
-2.14175916 -1.73088968 -0.19751570
-2.14006042 -1.73131454 -0.17669173
-2.13801932 -1.73182511 -0.48391289
-2.13953876 -1.73144507 -0.38023499
-2.13888955 -1.73160732 -0.18702872
-2.13650441 -1.73220396 -0.41665620
-2.13685656 -1.73211586 -0.48063233
-2.13687921 -1.73211014 -0.58048218
-2.13628817 -1.73225808 -0.37000576
-2.14659953 -1.73001325 -0.49470863
-2.14701033 -1.72993922 -0.42784849
-2.14663601 -1.73000658 -0.47422048
-2.14580441 -1.73015642 -0.99163693
-2.14725637 -1.72989488 -0.68912303
-2.14353180 -1.73056591 -0.81492335
-2.14484000 -1.73033023 -0.88562691
-2.14603043 -1.73011565 -0.49502587
-2.14219379 -1.73080707 -0.57914084
-2.14380240 -1.73051715 -0.40266916
-2.14281678 -1.73069477 -0.61819065
-2.14258933 -1.73073578 -0.65479481
-2.14575815 -1.73016477 -0.32060307
-2.14254212 -1.73074424 -0.79521972
-2.14533901 -1.73024035 -0.12930772
-2.14274907 -1.73070693 -0.63550955
-2.14898396 -1.72967339 -0.84506726
-2.15037894 -1.72951734 -0.70625716
-2.15348983 -1.72916937 -0.43119681
-2.15306950 -1.72921634 -0.44716379
-2.15255594 -1.72927380 -0.76887769
-2.14883566 -1.72969007 -0.96746856
-2.15349030 -1.72916925 -0.64050478
-2.15346575 -1.72917199 -0.38871285
-2.14785719 -1.72979951 -0.65681636
-2.15081191 -1.72946894 -0.31432548
-2.14775181 -1.72981131 -0.64104629
-2.14826775 -1.72975349 -0.15181524
-2.14899588 -1.72967207 -0.70450211
-2.14806223 -1.72977650 -0.11533330
-2.14984941 -1.72957659 -0.28755376
-2.14938974 -1.72962809 -0.47120702
-2.15550280 -1.72907400 -0.78703415
-2.15907502 -1.72891474 -0.82536238
-2.15807605 -1.72895920 -0.54032254
-2.15833306 -1.72894776 -0.46193129
-2.15662003 -1.72902417 -0.59881836
-2.15928626 -1.72890532 -1.00200796
-2.15615916 -1.72904468 -0.70412368
-2.15879989 -1.72892702 -0.32470840
-2.15360808 -1.72915852 -0.14073056
-2.15390325 -1.72914529 -0.47862586
-2.15576649 -1.72906220 -0.11622512
-2.15626907 -1.72903979 -0.33944997
-2.15486765 -1.72910225 -0.75260198
-2.15367556 -1.72915542 -0.15923688
-2.15366817 -1.72915578 -0.67211193
-2.15578580 -1.72906137 -0.13376532
-2.16187310 -1.72894812 -0.74500144
-2.16384935 -1.72899222 -1.01398134
-2.16389513 -1.72899318 -0.91954792
-2.16302729 -1.72897387 -0.90206987
-2.16491365 -1.72901595 -0.31064174
-2.16287208 -1.72897041 -0.74648881
-2.16174459 -1.72894526 -0.92564845
-2.16507363 -1.72901952 -0.39629540
-2.15956044 -1.72889650 -0.61444664
-2.16085625 -1.72892547 -0.62349194
-2.16091299 -1.72892666 -0.23182958
-2.16095352 -1.72892761 -0.64850783
-2.16011810 -1.72890902 -0.18710513
-2.16041541 -1.72891557 -0.47323593
-2.16303778 -1.72897410 -0.26930735
-2.16139245 -1.72893739 -0.38195962
-2.16889620 -1.72933590 -0.85100466
-2.16944242 -1.72938478 -0.72489023
-2.17093706 -1.72951829 -0.91529870
-2.16893268 -1.72933924 -0.50374496
-2.16926622 -1.72936904 -0.73572028
-2.16919947 -1.72936308 -0.90800011
-2.17018652 -1.72945130 -0.31205449
-2.17056727 -1.72948527 -0.68555403
-2.16910338 -1.72935450 -0.14180751
-2.16584444 -1.72906327 -0.48291641
-2.16697741 -1.72916448 -0.58637953
-2.16764259 -1.72922397 -0.65997869
-2.16634369 -1.72910786 -0.80981869
-2.16638851 -1.72911191 -0.37911373
-2.16596818 -1.72907436 -0.55246735
-2.16710687 -1.72917604 -0.17667066
-2.17558718 -1.73022044 -0.45123887
-2.17503810 -1.73013413 -0.66483259
-2.17347145 -1.72988772 -0.75174606
-2.17661738 -1.73038244 -0.67414242
-2.17575145 -1.73024631 -0.88794845
-2.17713618 -1.73046398 -0.23919229
-2.17584848 -1.73026156 -0.64735645
-2.17614961 -1.73030889 -0.63275206
-2.17576838 -1.73024893 -0.15089080
-2.17579961 -1.73025382 -0.30355787
-2.17191386 -1.72964287 -0.70228100
-2.17284703 -1.72978961 -0.47342315
-2.17646170 -1.73035800 -0.18506517
-2.17351317 -1.72989428 -0.20222187
-2.17270756 -1.72976768 -0.69442970
-2.17438722 -1.73003173 -0.41313657
-2.18114400 -1.73136520 -0.87549073
-2.18223691 -1.73161280 -0.36509469
-2.17812204 -1.73068058 -0.92273378
-2.18145680 -1.73143601 -0.47299731
-2.18215871 -1.73159504 -0.33553189
-2.17887521 -1.73085117 -0.94595957
-2.17945147 -1.73098171 -0.73581678
-2.18247294 -1.73166621 -0.64036441
-2.18052435 -1.73122478 -0.12218992
-2.17891860 -1.73086095 -0.55424184
-2.17867160 -1.73080504 -0.48200440
-2.17780876 -1.73060954 -0.32724270
-2.17764139 -1.73057163 -0.25176793
-2.17743731 -1.73052537 -0.43746471
-2.18045974 -1.73121011 -0.24987029
-2.17908740 -1.73089921 -0.37898076
-2.18850112 -1.73342311 -0.92065793
-2.18497229 -1.73237133 -0.72417349
-2.18836641 -1.73338294 -0.81641012
-2.18611002 -1.73271048 -0.61385274
-2.18470430 -1.73229146 -0.80184317
-2.18682671 -1.73292410 -0.96564716
-2.18426967 -1.73216200 -0.83964968
-2.18467903 -1.73228395 -0.92079467
-2.18401265 -1.73208547 -0.62689221
-2.18443346 -1.73221076 -0.26811031
-2.18340349 -1.73190379 -0.90111011
-2.18357873 -1.73195601 -0.50497395
-2.18701649 -1.73298061 -0.18732418
-2.18650126 -1.73282707 -0.17029418
-2.18331003 -1.73187602 -0.78779376
-2.18442607 -1.73220861 -0.61213046
-2.19055605 -1.73417199 -1.01611865
-2.19341612 -1.73523712 -0.76497632
-2.19355750 -1.73528969 -0.53981906
-2.19391274 -1.73542202 -0.86195111
-2.19200182 -1.73471034 -0.70499551
-2.19221950 -1.73479140 -0.81103843
-2.19272280 -1.73497880 -0.42585620
-2.19305587 -1.73510289 -0.32725236
-2.18960190 -1.73381662 -0.66536963
-2.19038677 -1.73410892 -0.53634858
-2.18938017 -1.73373401 -0.73497057
-2.18966651 -1.73384070 -0.63436049
-2.19086957 -1.73428869 -0.25194627
-2.18898439 -1.73358655 -0.93810713
-2.18902183 -1.73360062 -0.94218636
-2.18981719 -1.73389673 -0.81416953
-2.19872808 -1.73756218 -0.88095230
-2.19952250 -1.73792017 -0.37720743
-2.19809866 -1.73727858 -0.60102600
-2.19959903 -1.73795462 -0.79239231
-2.19834733 -1.73739064 -0.42356426
-2.19961977 -1.73796403 -0.23122700
-2.19530082 -1.73601794 -0.94285548
-2.19655848 -1.73658454 -0.85705197
-2.19658995 -1.73659873 -0.47526771
-2.19525623 -1.73599780 -0.11901392
-2.19585562 -1.73626792 -0.53483999
-2.19866323 -1.73753297 -0.12805566
-2.19529152 -1.73601377 -0.80200434
-2.19665337 -1.73662734 -0.61487818
-2.19468594 -1.73574090 -0.26325491
-2.19725680 -1.73689926 -0.49353760
-2.20329189 -1.73991609 -0.94811833
-2.20368457 -1.74012578 -0.45929655
-2.20472813 -1.74068260 -0.62638307
-2.20397019 -1.74027812 -0.77888530
-2.20381832 -1.74019706 -0.47211716
-2.20233178 -1.73940384 -0.60771275
-2.20322943 -1.73988283 -1.00033903
-2.20480967 -1.74072611 -0.51858854
-2.20300817 -1.73976481 -0.15692566
-2.20246935 -1.73947728 -0.39992064
-2.20148373 -1.73895133 -0.51903439
-2.20037127 -1.73835778 -0.40461338
-2.20050049 -1.73842669 -0.39045876
-2.20038223 -1.73836350 -0.20720290
-2.20346832 -1.74001038 -0.11841568
-2.20002604 -1.73817348 -0.79040879
-2.20495987 -1.74080729 -0.32341149
-2.20891356 -1.74326968 -0.18867852
-2.20684886 -1.74198365 -0.55805343
-2.20524836 -1.74098682 -0.72467053
-2.20536232 -1.74105799 -0.42395818
-2.20596838 -1.74143529 -0.58241796
-2.20542598 -1.74109745 -0.89214522
-2.20629883 -1.74164116 -0.29694793
-2.20625186 -1.74161196 -0.94357908
-2.20571589 -1.74127817 -1.00823236
-2.20998979 -1.74393988 -0.20969218
-2.20634007 -1.74166691 -0.86393487
-2.20678592 -1.74194455 -1.00971401
-2.20893669 -1.74328411 -0.62857330
-2.20986342 -1.74386120 -0.75018412
-2.20779800 -1.74257481 -0.95159298
-2.21429276 -1.74703693 -0.15745816
-2.21145487 -1.74499416 -0.46248955
-2.21160126 -1.74509978 -0.22887458
-2.21215105 -1.74549544 -0.12873086
-2.21364665 -1.74657178 -0.28031471
-2.21098900 -1.74465895 -0.27688253
-2.21208858 -1.74545050 -0.48553079
-2.21239543 -1.74567139 -0.39097255
-2.21479702 -1.74739993 -0.29741243
-2.21447110 -1.74716532 -0.40079600
-2.21307373 -1.74615955 -0.69016010
-2.21216273 -1.74550390 -0.86549199
-2.21417189 -1.74694991 -0.45582023
-2.21445775 -1.74715567 -0.23050903
-2.21150398 -1.74502957 -0.75411862
-2.21263790 -1.74584579 -0.58209753
-2.21631360 -1.74865139 -0.65971518
-2.21554780 -1.74801862 -0.67130840
-2.21671224 -1.74898100 -0.32883140
-2.21659565 -1.74888456 -0.14540961
-2.21715236 -1.74934471 -0.45689988
-2.21531320 -1.74782467 -0.32167342
-2.21598649 -1.74838114 -0.41813323
-2.21604896 -1.74843264 -0.21307425
-2.21656489 -1.74885905 -0.81240934
-2.21936727 -1.75117528 -0.65521544
-2.21923780 -1.75106823 -0.55546969
-2.21869326 -1.75061810 -0.34274584
-2.21710300 -1.74930394 -0.85238296
-2.21761751 -1.74972916 -0.82567561
-2.21927404 -1.75109828 -0.90101731
-2.21862030 -1.75055790 -0.26697385
-2.22271872 -1.75434196 -0.22961594
-2.22102642 -1.75274146 -0.26688978
-2.22170544 -1.75338352 -0.28280219
-2.22152138 -1.75320959 -0.12811106
-2.22225165 -1.75390029 -0.25744721
-2.21950579 -1.75130320 -0.28706944
-2.22117734 -1.75288415 -0.63453937
-2.22102094 -1.75273621 -0.23017146
-2.22269106 -1.75431585 -0.70929915
-2.22194481 -1.75361013 -0.80996114
-2.22281051 -1.75442886 -0.39959237
-2.22201419 -1.75367558 -0.81525701
-2.22037530 -1.75212550 -0.84238118
-2.22185230 -1.75352252 -0.76614809
-2.22334361 -1.75493288 -1.01703823
-2.22290039 -1.75451386 -0.91334176
-2.22603393 -1.75779223 -0.24479009
-2.22551560 -1.75723183 -0.60368437
-2.22395229 -1.75554156 -0.21533199
-2.22498012 -1.75665283 -0.48070493
-2.22386098 -1.75544286 -0.29681620
-2.22387266 -1.75545537 -0.93641776
-2.22641492 -1.75820410 -0.25423366
-2.22533703 -1.75703859 -0.38533634
-2.22468042 -1.75632882 -0.84738094
-2.22590542 -1.75765312 -0.55073661
-2.22509384 -1.75677574 -1.00656891
-2.22581220 -1.75755227 -0.98739034
-2.22685981 -1.75868511 -1.00848377
-2.22618413 -1.75795436 -0.79447061
-2.22610354 -1.75786734 -0.67673272
-2.22413969 -1.75574422 -0.97776961
-2.23079181 -1.76341355 -0.15700410
-2.22954321 -1.76186800 -0.41763496
-2.22852588 -1.76060891 -0.43564251
-2.23055315 -1.76311791 -0.33701190
-2.22848225 -1.76055479 -0.70814854
-2.22925854 -1.76151562 -0.46871755
-2.22888780 -1.76105666 -0.49115208
-2.22955704 -1.76188505 -0.31980801
-2.22851086 -1.76059031 -1.00390697
-2.23073554 -1.76334381 -0.86154908
-2.23057675 -1.76314712 -0.84971374
-2.23129916 -1.76404130 -0.52326453
-2.22820354 -1.76020968 -0.96779978
-2.22958493 -1.76191974 -0.74040079
-2.22921705 -1.76146424 -0.88547999
-2.23071408 -1.76331711 -0.42548835
-2.23206711 -1.76510096 -0.56759602
-2.23176479 -1.76467073 -0.86041361
-2.23271084 -1.76601672 -0.16570893
-2.23212481 -1.76518285 -0.58061343
-2.23357987 -1.76725268 -0.20263460
-2.23210955 -1.76516140 -0.81955820
-2.23410344 -1.76799750 -0.14361472
-2.23355603 -1.76721895 -0.21439843
-2.23313332 -1.76661766 -0.66597462
-2.23326516 -1.76680517 -0.66393173
-2.23436379 -1.76836801 -0.53858298
-2.23436904 -1.76837540 -1.01031685
-2.23296976 -1.76638484 -0.73728871
-2.23447657 -1.76852834 -0.46275789
-2.23430991 -1.76829135 -0.83919811
-2.23435640 -1.76835752 -0.87478656
-2.23691487 -1.77244902 -0.20485781
-2.23544455 -1.77002847 -0.56425238
-2.23625636 -1.77136493 -0.17721029
-2.23538113 -1.76992393 -0.60373306
-2.23504138 -1.76936483 -0.41129127
-2.23593950 -1.77084315 -0.54850996
-2.23543310 -1.77000976 -0.27046344
-2.23605442 -1.77103245 -0.25598830
-2.23700881 -1.77260339 -0.42827871
-2.23736405 -1.77318835 -0.50075656
-2.23758268 -1.77354848 -0.50804424
-2.23777246 -1.77386081 -0.54372925
-2.23588395 -1.77075195 -1.00168753
-2.23679805 -1.77225661 -1.00171590
-2.23536539 -1.76989806 -0.90716428
-2.23792362 -1.77410960 -0.15231092
-2.23845720 -1.77512133 -0.59777057
-2.23899746 -1.77616155 -0.42314401
-2.23952389 -1.77717531 -0.21442506
-2.23892546 -1.77602315 -0.16807787
-2.23900723 -1.77618062 -0.56425679
-2.23934746 -1.77683544 -0.27164620
-2.23813558 -1.77450228 -0.25706911
-2.23841166 -1.77503359 -0.39077410
-2.24044800 -1.77895439 -0.91552365
-2.23977685 -1.77766204 -0.93562680
-2.23886967 -1.77591550 -0.92299080
-2.23951554 -1.77715898 -1.00476289
-2.23964787 -1.77741373 -0.95052338
-2.24054193 -1.77913535 -0.21177047
-2.24035501 -1.77877533 -0.53905255
-2.24062777 -1.77930021 -0.46895278
-2.24119592 -1.78056729 -0.97713143
-2.24277759 -1.78418505 -0.42477489
-2.24285007 -1.78435087 -0.90266275
-2.24184084 -1.78204226 -0.99209690
-2.24247837 -1.78350079 -0.44696972
-2.24178123 -1.78190637 -0.87128514
-2.24184728 -1.78205729 -0.81474787
-2.24203920 -1.78249633 -0.97911018
-2.24176097 -1.78185976 -0.17689504
-2.24124122 -1.78067136 -0.40497854
-2.24189258 -1.78216076 -0.50606287
-2.24156904 -1.78142095 -0.56236577
-2.24175787 -1.78185260 -0.62157828
-2.24196339 -1.78232288 -0.21293013
-2.24187756 -1.78212619 -0.31206647
-2.24263048 -1.78384852 -0.27149969
-2.24447703 -1.78875124 -0.92725468
-2.24494100 -1.79004073 -0.86568034
-2.24471879 -1.78942323 -1.00876677
-2.24467254 -1.78929436 -0.48494759
-2.24377298 -1.78679407 -0.92756981
-2.24461198 -1.78912592 -0.76841450
-2.24509406 -1.79046607 -1.00030589
-2.24475455 -1.78952253 -0.76407772
-2.24450827 -1.78883791 -0.15265830
-2.24330235 -1.78548610 -0.72544050
-2.24376607 -1.78677511 -0.36404392
-2.24365425 -1.78646433 -0.17850904
-2.24379754 -1.78686225 -0.50925410
-2.24397683 -1.78736067 -0.25214559
-2.24399328 -1.78740656 -0.55147493
-2.24428010 -1.78820372 -0.43990624
-2.24564290 -1.79237509 -0.75287628
-2.24596024 -1.79348481 -0.62886250
-2.24635315 -1.79485893 -0.98533887
-2.24636579 -1.79490352 -1.01657915
-2.24614620 -1.79413509 -0.94289857
-2.24645710 -1.79522300 -0.92304373
-2.24641156 -1.79506314 -0.59491396
-2.24660826 -1.79575109 -0.90055746
-2.24512339 -1.79055786 -0.17168409
-2.24555731 -1.79207599 -0.14405082
-2.24594712 -1.79343891 -0.24575673
-2.24617743 -1.79424489 -0.31807166
-2.24511075 -1.79051375 -0.16790710
-2.24529672 -1.79116428 -0.82252437
-2.24536109 -1.79138935 -0.79042387
-2.24600196 -1.79363120 -0.15872747
-2.24774671 -1.80089426 -0.40880659
-2.24712944 -1.79802227 -0.94247741
-2.24704742 -1.79764020 -0.89104271
-2.24725199 -1.79859269 -0.69221216
-2.24754119 -1.79993820 -0.70705152
-2.24779415 -1.80111516 -0.96699542
-2.24695301 -1.79720128 -1.02273941
-2.24746728 -1.79959404 -0.51069200
-2.24736261 -1.79910743 -0.18683797
-2.24675465 -1.79627836 -0.68243700
-2.24686980 -1.79681432 -0.48281300
-2.24680924 -1.79653203 -0.61221290
-2.24775195 -1.80091894 -0.13105950
-2.24676633 -1.79633272 -0.30660215
-2.24707150 -1.79775202 -0.72035921
-2.24749398 -1.79971886 -0.17091946
-2.24882317 -1.80773830 -0.69865632
-2.24873686 -1.80714631 -0.84080243
-2.24863076 -1.80641890 -0.48595813
-2.24853635 -1.80577242 -0.82876593
-2.24870372 -1.80691946 -0.54966402
-2.24854994 -1.80586529 -0.66757530
-2.24864054 -1.80648649 -0.90200603
-2.24850965 -1.80558836 -0.71535361
-2.24799657 -1.80207050 -0.31361166
-2.24819350 -1.80342078 -0.70167339
-2.24817491 -1.80329418 -0.16897891
-2.24813962 -1.80305254 -0.39336580
-2.24823236 -1.80368757 -0.40642816
-2.24824834 -1.80379689 -0.48042816
-2.24807239 -1.80259097 -0.21213755
-2.24811077 -1.80285454 -0.20178653
-2.24913859 -1.81163085 -0.73142898
-2.24904323 -1.81040907 -0.84499943
-2.24925995 -1.81318235 -0.82752192
-2.24909353 -1.81105340 -0.83041972
-2.24913549 -1.81159103 -0.65996259
-2.24929404 -1.81361842 -0.15499276
-2.24917126 -1.81204700 -0.91881329
-2.24913192 -1.81154454 -0.77812415
-2.24908423 -1.81093502 -0.13029259
-2.24896717 -1.80943668 -0.77105564
-2.24891019 -1.80870652 -0.39696777
-2.24885464 -1.80799448 -0.66407698
-2.24890566 -1.80864966 -0.87857908
-2.24904394 -1.81041741 -0.38692048
-2.24885607 -1.80801308 -0.76957637
-2.24902987 -1.81023860 -0.34939277
-2.24936748 -1.81893528 -0.24666259
-2.24936581 -1.81879866 -0.56050026
-2.24937201 -1.81933808 -0.26994067
-2.24935079 -1.81744313 -0.59987903
-2.24934149 -1.81661773 -0.79009020
-2.24936652 -1.81886077 -0.53183222
-2.24937057 -1.81921601 -0.22800532
-2.24934649 -1.81704736 -0.80855083
-2.24932814 -1.81541908 -0.43924257
-2.24931622 -1.81432974 -0.52730185
-2.24933457 -1.81598675 -0.56006682
-2.24936652 -1.81885016 -0.13541390
-2.24934101 -1.81655920 -0.13363937
-2.24934387 -1.81681728 -0.35195231
-2.24931097 -1.81387722 -0.63118559
-2.24931931 -1.81461465 -0.51712364
-2.24906111 -1.82542801 -0.78163952
-2.24906039 -1.82544374 -0.52795136
-2.24921370 -1.82269216 -0.59394062
-2.24909639 -1.82479537 -0.70226246
-2.24913859 -1.82403934 -0.95880419
-2.24921155 -1.82273352 -0.76545054
-2.24930763 -1.82100868 -0.84025109
-2.24906278 -1.82540178 -0.50728965
-2.24935913 -1.82008779 -0.93038970
-2.24933314 -1.82055211 -0.71115875
-2.24936604 -1.81996357 -0.29677570
-2.24911284 -1.82450259 -0.17071280
-2.24933791 -1.82046711 -0.83966523
-2.24934983 -1.82025218 -0.56361073
-2.24920034 -1.82293153 -0.39038408
-2.24937344 -1.81982982 -0.60061002
-2.24882579 -1.82748973 -0.89697272
-2.24858022 -1.82948232 -0.57290971
-2.24835491 -1.83131230 -0.30551350
-2.24863434 -1.82904434 -0.64847809
-2.24844694 -1.83056509 -0.85358208
-2.24880171 -1.82768571 -0.87304658
-2.24842906 -1.83071065 -0.56565213
-2.24889684 -1.82691193 -0.97313076
-2.24877453 -1.82790589 -0.28070953
-2.24900270 -1.82605410 -0.62791884
-2.24901175 -1.82598054 -0.88957101
-2.24903631 -1.82577980 -0.82628059
-2.24895382 -1.82644928 -0.57640666
-2.24866104 -1.82882631 -0.41373408
-2.24903178 -1.82581806 -0.55624110
-2.24884200 -1.82735705 -0.49009258
-2.24720168 -1.83743179 -0.47074771
-2.24739504 -1.83642256 -0.56102550
-2.24722433 -1.83731353 -0.49732193
-2.24769783 -1.83484316 -0.65938222
-2.24811673 -1.83265805 -0.93940979
-2.24784350 -1.83408296 -0.99901080
-2.24820399 -1.83220172 -0.95657653
-2.24727631 -1.83704209 -0.65428883
-2.24771476 -1.83475471 -0.11374244
-2.24807715 -1.83286417 -0.56798065
-2.24804187 -1.83304751 -0.42419520
-2.24815130 -1.83247721 -0.27972153
-2.24824953 -1.83196509 -0.45445576
-2.24803281 -1.83309495 -0.52790397
-2.24814582 -1.83250558 -0.84363860
-2.24786115 -1.83399093 -0.49906483
-2.24595690 -1.84218359 -0.29861662
-2.24579906 -1.84278643 -0.58578736
-2.24599957 -1.84202099 -0.93691689
-2.24635696 -1.84065676 -0.67817301
-2.24652576 -1.84001207 -0.81134462
-2.24594283 -1.84223735 -0.76739836
-2.24675655 -1.83913147 -0.83540237
-2.24609351 -1.84166241 -0.95206940
-2.24691391 -1.83853066 -0.56249815
-2.24713922 -1.83767080 -0.78890711
-2.24688745 -1.83863175 -0.65224540
-2.24641109 -1.84045005 -0.37514052
-2.24713302 -1.83769453 -0.27184346
-2.24716258 -1.83758140 -0.46031266
-2.24661350 -1.83967733 -0.59597206
-2.24702859 -1.83809280 -0.53602582
-2.24421501 -1.84760356 -1.01863396
-2.24400735 -1.84822392 -0.71714878
-2.24389696 -1.84855318 -0.83049273
-2.24419951 -1.84764969 -0.73383743
-2.24429989 -1.84734964 -0.98347020
-2.24480772 -1.84583271 -0.62402719
-2.24455142 -1.84659886 -0.54245281
-2.24441934 -1.84699285 -0.67088282
-2.24458385 -1.84650135 -0.14080885
-2.24513173 -1.84486508 -0.57652038
-2.24450493 -1.84673750 -0.17685334
-2.24446011 -1.84687102 -0.31386232
-2.24566793 -1.84326363 -0.75685143
-2.24415565 -1.84778094 -0.21476331
-2.24472642 -1.84607565 -0.15519455
-2.24410439 -1.84793365 -0.16017412
-2.24183369 -1.85362256 -0.62212074
-2.24265623 -1.85162091 -0.74945724
-2.24297285 -1.85085034 -0.69661528
-2.24231482 -1.85245192 -0.64539522
-2.24279165 -1.85129130 -0.86161304
-2.24282551 -1.85120916 -0.74463677
-2.24293780 -1.85093594 -0.80265218
-2.24163437 -1.85410726 -0.48134658
-2.24344921 -1.84969151 -0.73753387
-2.24315572 -1.85040534 -0.61945111
-2.24338245 -1.84985363 -0.31780306
-2.24315071 -1.85041749 -0.36460316
-2.24260998 -1.85173380 -0.35645604
-2.24320316 -1.85028982 -0.61058408
-2.24334621 -1.84994209 -0.43415269
-2.24290204 -1.85102260 -0.19856058
-2.24064589 -1.85615230 -0.75313783
-2.24112844 -1.85517037 -0.90776569
-2.23932409 -1.85884202 -0.87601650
-2.24020052 -1.85705841 -0.72499382
-2.23938322 -1.85872161 -0.87777549
-2.24058771 -1.85627079 -0.93164289
-2.23937869 -1.85873055 -0.34469193
-2.23952460 -1.85843372 -0.63591349
-2.24151874 -1.85437572 -0.47109377
-2.23994184 -1.85758460 -0.34166694
-2.24131322 -1.85479403 -0.53276026
-2.24074149 -1.85595751 -0.32769397
-2.24120498 -1.85501432 -0.52076554
-2.24141264 -1.85459185 -0.17070793
-2.23938084 -1.85872614 -0.23195313
-2.24005437 -1.85735571 -0.13528423
-2.23676753 -1.86338890 -0.37383750
-2.23652816 -1.86380339 -0.44768232
-2.23622251 -1.86433291 -0.73929542
-2.23626876 -1.86425292 -0.53112477
-2.23639393 -1.86403596 -0.95059890
-2.23788810 -1.86144829 -0.80346572
-2.23655105 -1.86376405 -0.62581462
-2.23697853 -1.86302364 -0.95072764
-2.23781586 -1.86157346 -0.29983115
-2.23853087 -1.86033475 -0.31542194
-2.23730826 -1.86245239 -0.45617801
-2.23891997 -1.85966110 -0.29979163
-2.23709154 -1.86282766 -0.37699482
-2.23726630 -1.86252499 -0.24983791
-2.23855829 -1.86028755 -0.48518723
-2.23769617 -1.86178052 -0.53962028
-2.23275089 -1.86957586 -0.36122957
-2.23385119 -1.86793423 -0.82968813
-2.23314643 -1.86898565 -0.58621204
-2.23342347 -1.86857235 -0.41913521
-2.23370790 -1.86814809 -0.68950027
-2.23410320 -1.86755836 -0.83409113
-2.23472214 -1.86663461 -0.90058273
-2.23382688 -1.86797047 -0.72291297
-2.23511100 -1.86605453 -0.34337512
-2.23506975 -1.86611593 -0.24339193
-2.23447514 -1.86700320 -0.11792201
-2.23591709 -1.86485159 -0.57258868
-2.23396754 -1.86776078 -0.32882255
-2.23507881 -1.86610234 -0.44844857
-2.23399901 -1.86771381 -0.20510751
-2.23532820 -1.86573040 -0.15339813
-2.23207235 -1.87047458 -0.94561476
-2.23162532 -1.87105405 -0.86668766
-2.23138785 -1.87136149 -0.72438180
-2.23104024 -1.87181199 -0.90241480
-2.23113179 -1.87169337 -0.68705267
-2.22950506 -1.87380135 -0.27010775
-2.23021436 -1.87288213 -0.74651903
-2.22951031 -1.87379444 -0.46122691
-2.23164177 -1.87103271 -0.71364164
-2.23224235 -1.87025440 -0.59661001
-2.23161650 -1.87106514 -0.26328087
-2.23114228 -1.87167966 -0.27120304
-2.23031425 -1.87275279 -0.11635584
-2.23147869 -1.87124383 -0.59991825
-2.23143888 -1.87129533 -0.61897963
-2.23150849 -1.87120533 -0.49385270
-2.22866559 -1.87483025 -0.32223138
-2.22814131 -1.87542307 -0.78830975
-2.22602892 -1.87781155 -0.31103876
-2.22822475 -1.87532878 -0.73097569
-2.22733903 -1.87633014 -0.16398460
-2.22875428 -1.87472975 -0.82915974
-2.22778177 -1.87582958 -0.47168222
-2.22544217 -1.87847495 -0.17195852
-2.22640371 -1.87738776 -1.01835310
-2.22615242 -1.87767184 -0.47238564
-2.22580838 -1.87806082 -0.95611650
-2.22622418 -1.87759054 -0.98680681
-2.22616220 -1.87766075 -0.96503794
-2.22640276 -1.87738872 -0.58330929
-2.22562933 -1.87826312 -1.00882733
-2.22509623 -1.87886608 -0.45840281
-2.22400594 -1.87994564 -0.51160920
-2.22496796 -1.87899411 -0.71676165
-2.22307849 -1.88086283 -0.55526799
-2.22481179 -1.87914872 -0.83757210
-2.22377563 -1.88017333 -0.46930081
-2.22424650 -1.87970769 -0.42387652
-2.22237515 -1.88155830 -0.30564693
-2.22438717 -1.87956846 -0.71263355
-2.22455025 -1.87940729 -0.91269177
-2.22131920 -1.88260245 -0.33956882
-2.22111011 -1.88280916 -0.77205211
-2.22394156 -1.88000917 -0.97573549
-2.22374392 -1.88020468 -0.84242809
-2.22379160 -1.88015747 -1.00286138
-2.22386646 -1.88008344 -0.98817950
-2.22117758 -1.88274252 -0.19395821
-2.21795940 -1.88556457 -0.37961385
-2.21875191 -1.88487923 -0.25874028
-2.21834445 -1.88523161 -0.16336139
-2.21909523 -1.88458240 -0.65320784
-2.22009683 -1.88371623 -0.34405479
-2.21905923 -1.88461363 -0.46939141
-2.21961069 -1.88413656 -0.48946050
-2.21820617 -1.88535118 -0.32743344
-2.21647954 -1.88684428 -0.68135798
-2.21899319 -1.88467073 -0.94110411
-2.21798301 -1.88554430 -0.54693586
-2.21657705 -1.88676000 -0.90566820
-2.21704292 -1.88635719 -0.51810658
-2.21800947 -1.88552117 -0.70086652
-2.21970153 -1.88405812 -0.98823673
-2.21650743 -1.88682008 -0.43639666
-2.21316838 -1.88935363 -0.90531707
-2.21428084 -1.88851464 -1.00044203
-2.21222878 -1.89006233 -0.29016563
-2.21338296 -1.88919187 -0.92861235
-2.21408939 -1.88865900 -1.00974667
-2.21197248 -1.89025557 -0.55037624
-2.21236515 -1.88995934 -0.66189599
-2.21402335 -1.88870895 -0.58476102
-2.21428847 -1.88850892 -0.30707109
-2.21293712 -1.88952804 -0.20137374
-2.21608877 -1.88715124 -0.49154833
-2.21402884 -1.88870466 -0.12833323
-2.21564531 -1.88748574 -0.14133140
-2.21498060 -1.88798690 -0.13654172
-2.21413684 -1.88862324 -0.50491780
-2.21516824 -1.88784564 -0.17464371
-2.20954823 -1.89187610 -0.68138206
-2.20854712 -1.89253092 -0.60532129
-2.20988989 -1.89165258 -0.86780405
-2.20914721 -1.89213848 -0.82256728
-2.20857978 -1.89250958 -0.80728805
-2.20805693 -1.89285171 -0.65202439
-2.20915556 -1.89213288 -0.59605300
-2.20882225 -1.89235091 -0.83139896
-2.20811391 -1.89281428 -0.23028792
-2.21040082 -1.89131832 -0.69447082
-2.20839262 -1.89263201 -0.16105539
-2.21118093 -1.89080811 -0.85109049
-2.20965075 -1.89180899 -0.52270859
-2.21031833 -1.89137220 -0.39310026
-2.20879793 -1.89236689 -0.29705435
-2.20871782 -1.89241934 -0.40008828
-2.20061660 -1.89709330 -0.47311774
-2.20026755 -1.89725995 -0.89916617
-2.19932604 -1.89770973 -0.53660178
-2.20023823 -1.89727390 -0.73757464
-2.19927382 -1.89773464 -0.74109501
-2.19919634 -1.89777172 -1.01887822
-2.19992304 -1.89742458 -0.49508300
-2.19867969 -1.89801848 -0.87387502
-2.20360589 -1.89548433 -0.92707586
-2.20232654 -1.89620399 -0.78387678
-2.20286059 -1.89590371 -0.47431263
-2.20307374 -1.89578378 -0.87792289
-2.20431995 -1.89508259 -0.63139892
-2.20433545 -1.89507389 -0.92769665
-2.20220757 -1.89627099 -0.87923259
-2.20168352 -1.89656579 -0.74838108
-2.20356679 -1.89550626 -0.13118079
-2.20354533 -1.89551842 -0.21522723
-2.20486641 -1.89477515 -0.17478567
-2.20451665 -1.89497185 -0.46993980
-2.20399785 -1.89526379 -0.15671296
-2.20294189 -1.89585793 -0.31089365
-2.20625639 -1.89399314 -0.66465318
-2.20370817 -1.89542675 -0.41329142
-2.19830537 -1.89819729 -0.40331697
-2.19680047 -1.89891613 -0.53964001
-2.19980192 -1.89748228 -0.22454008
-2.19748354 -1.89858973 -0.18995014
-2.19845963 -1.89812350 -0.22701801
-2.19775295 -1.89846110 -0.42358634
-2.19809246 -1.89829898 -0.47669026
-2.19970655 -1.89752793 -0.27911034
-2.19297934 -1.90049160 -0.89035887
-2.19091654 -1.90131259 -0.51794946
-2.19320750 -1.90040076 -0.65270174
-2.19224954 -1.90078199 -0.67187166
-2.19165516 -1.90101850 -0.57908642
-2.19138193 -1.90112734 -0.91403365
-2.19196820 -1.90089405 -0.85645145
-2.19101024 -1.90127528 -0.78941411
-2.19479299 -1.89976978 -0.12614334
-2.19412971 -1.90003371 -0.62695944
-2.19447303 -1.89989710 -0.64094806
-2.19563508 -1.89943469 -0.50337398
-2.19405222 -1.90006459 -0.37778977
-2.19526029 -1.89958382 -0.70012099
-2.19428658 -1.89997125 -0.64193535
-2.19258738 -1.90064764 -0.15280330
-2.18695617 -1.90261400 -0.94132102
-2.18701816 -1.90259397 -0.53313529
-2.18860841 -1.90208113 -0.85231316
-2.18589902 -1.90295482 -0.53540033
-2.18676448 -1.90267575 -0.91782027
-2.18748546 -1.90244329 -0.98581922
-2.18976474 -1.90170836 -0.99478590
-2.18732953 -1.90249360 -0.89307630
-2.18838000 -1.90215480 -0.36421424
-2.19009137 -1.90160298 -0.37333605
-2.18603182 -1.90291202 -0.20955124
-2.18590021 -1.90295446 -0.22100091
-2.18872476 -1.90204370 -0.53866649
-2.19032526 -1.90152764 -0.28048167
-2.18961430 -1.90175676 -0.27697772
-2.18968296 -1.90173471 -0.84497863
-2.18210983 -1.90397203 -0.89037299
-2.18038201 -1.90440416 -0.43008798
-2.18111491 -1.90422082 -0.90559578
-2.17933202 -1.90466666 -0.90108347
-2.17946124 -1.90463436 -0.42545384
-2.17983699 -1.90454042 -0.99068552
-2.18368006 -1.90357924 -0.97122216
-2.18254256 -1.90386379 -0.93199736
-2.18305063 -1.90373671 -0.61716747
-2.18130422 -1.90417349 -0.29183421
-2.18275356 -1.90381098 -0.22315061
-2.18299341 -1.90375102 -0.67276901
-2.18287110 -1.90378165 -0.24844548
-2.18316150 -1.90370893 -0.31797370
-2.18402529 -1.90349293 -0.66272962
-2.18399382 -1.90350080 -0.66259158
-2.17375922 -1.90568173 -0.47980332
-2.17497158 -1.90546334 -0.86510223
-2.17346931 -1.90573394 -0.85336286
-2.17502546 -1.90545356 -0.92771637
-2.17512369 -1.90543592 -0.84113467
-2.17647934 -1.90519166 -0.82328236
-2.17621565 -1.90523911 -0.97019356
-2.17362738 -1.90570545 -0.16393304
-2.17743444 -1.90501952 -0.63237751
-2.17701530 -1.90509510 -0.22449648
-2.17833376 -1.90485752 -0.83181602
-2.17852783 -1.90482259 -0.88223827
-2.17823410 -1.90487552 -0.82232934
-2.17603946 -1.90527081 -0.24697174
-2.17690992 -1.90511405 -0.53245187
-2.17695689 -1.90510559 -0.35848269
-2.17239261 -1.90586400 -0.96732998
-2.17028022 -1.90610027 -0.69096744
-2.17162180 -1.90595019 -1.01943076
-2.16854620 -1.90629435 -0.36378989
-2.16858101 -1.90629041 -0.66753912
-2.16845155 -1.90630484 -0.91843683
-2.16855001 -1.90629387 -0.77553135
-2.16928148 -1.90621197 -0.67743176
-2.17165565 -1.90594637 -0.23225854
-2.17133594 -1.90598226 -0.23368204
-2.17037964 -1.90608919 -0.53705692
-2.17277455 -1.90582132 -0.21308070
-2.16983914 -1.90614963 -0.38387391
-2.17288828 -1.90580857 -0.41224459
-2.17197156 -1.90591109 -0.76344591
-2.16867542 -1.90627980 -0.20875233
-2.15790534 -1.90660453 -0.98874575
-2.16128874 -1.90667999 -0.90036148
-2.16047978 -1.90666199 -0.90085703
-2.15830493 -1.90661347 -0.88027394
-2.15717506 -1.90658820 -0.82110310
-2.15854287 -1.90661871 -0.58705962
-2.16077757 -1.90666854 -0.96716815
-2.15991116 -1.90664923 -0.66084170
-2.16265869 -1.90663230 -0.48551452
-2.16217947 -1.90665364 -0.86006808
-2.16329765 -1.90660381 -0.73306835
-2.16269922 -1.90663052 -0.93012220
-2.16252208 -1.90663838 -0.93651956
-2.16164064 -1.90667772 -0.62508100
-2.16195512 -1.90666366 -0.61720061
-2.16305971 -1.90661442 -0.68684411
-2.16286659 -1.90662301 -0.29054224
-2.16288042 -1.90662241 -0.13770932
-2.16524220 -1.90651715 -0.60646522
-2.16382170 -1.90658045 -0.46772954
-2.16700172 -1.90643859 -0.47234344
-2.16629362 -1.90647018 -0.19263327
-2.16507506 -1.90652454 -0.20055819
-2.16660643 -1.90645623 -0.81363946
-2.16008377 -1.90665317 -0.11536598
-2.15752792 -1.90659606 -0.45628551
-2.15824771 -1.90661216 -0.57108295
-2.16103745 -1.90667439 -0.16678973
-2.16045713 -1.90666139 -0.20831747
-2.16011858 -1.90665388 -0.25593293
-2.15846562 -1.90661705 -0.15847334
-2.15580392 -1.90655768 -0.88758588
-2.15272021 -1.90629923 -0.59484285
-2.15213823 -1.90624714 -0.86466378
-2.15360045 -1.90637779 -0.97443283
-2.15028191 -1.90608132 -0.52152216
-2.15014338 -1.90606892 -0.49828827
-2.15382075 -1.90639758 -0.82243854
-2.15046811 -1.90609789 -0.64763945
-2.15017104 -1.90607142 -0.97043020
-2.15288544 -1.90631390 -0.52981263
-2.15079427 -1.90612710 -0.26740268
-2.15243697 -1.90627384 -0.28874660
-2.15259862 -1.90628827 -0.18381520
-2.15211940 -1.90624547 -0.38967419
-2.15530324 -1.90653002 -0.87403923
-2.15418339 -1.90642989 -0.42413554
-2.15501070 -1.90650392 -0.92669898
-2.14407182 -1.90514898 -0.64196020
-2.14534879 -1.90534973 -0.47961059
-2.14487863 -1.90527582 -0.32861665
-2.14699006 -1.90560782 -0.81653374
-2.14833212 -1.90581882 -0.91986245
-2.14540505 -1.90535855 -0.48874789
-2.14930105 -1.90597117 -0.97746247
-2.14582801 -1.90542507 -0.91638637
-2.14843035 -1.90583432 -0.35840675
-2.14710569 -1.90562594 -0.59770143
-2.14952493 -1.90600634 -0.48074624
-2.14591551 -1.90543890 -0.13858026
-2.14690518 -1.90559447 -0.57252175
-2.14680028 -1.90557790 -0.46543357
-2.14887524 -1.90590417 -0.42638150
-2.14566135 -1.90539885 -0.35399216
-2.13794208 -1.90377975 -0.66039896
-2.13740754 -1.90362048 -0.89196336
-2.13752437 -1.90365529 -0.82914281
-2.13732457 -1.90359581 -0.67328697
-2.13735104 -1.90360367 -0.37611067
-2.13780475 -1.90373886 -0.48979196
-2.13680673 -1.90344143 -0.34790277
-2.13535643 -1.90300918 -0.94955796
-2.13826704 -1.90385532 -0.25093091
-2.13977098 -1.90419602 -0.81369817
-2.13994861 -1.90423620 -0.95011747
-2.13967156 -1.90417349 -0.69235110
-2.14061189 -1.90438652 -0.75895208
-2.14041805 -1.90434265 -0.64378625
-2.14077806 -1.90442419 -0.79564059
-2.14137983 -1.90456045 -0.91069412
-2.14166617 -1.90462542 -0.63157421
-2.14314842 -1.90496123 -0.54740113
-2.14232969 -1.90477574 -0.63143671
-2.14311838 -1.90495431 -0.16391288
-2.14046502 -1.90435326 -0.44988135
-2.14312005 -1.90495479 -0.38101271
-2.14276409 -1.90487409 -0.81659180
-2.14027119 -1.90430927 -0.20743853
-2.13135338 -1.90174758 -0.54310119
-2.13082242 -1.90154982 -0.66608596
-2.12955093 -1.90107632 -0.67178291
-2.13100290 -1.90161705 -0.41701111
-2.13022447 -1.90132713 -0.45571756
-2.13170648 -1.90187907 -0.86725676
-2.13103533 -1.90162921 -0.39571321
-2.13071537 -1.90151000 -0.36753881
-2.13261533 -1.90219223 -0.72386414
-2.13329649 -1.90239525 -0.51288050
-2.13271141 -1.90222085 -0.58409399
-2.13360429 -1.90248704 -0.71694553
-2.13292336 -1.90228403 -0.27670160
-2.13416505 -1.90265405 -0.41621262
-2.13276625 -1.90223718 -0.68458307
-2.13367677 -1.90250862 -0.45551217
-2.12236834 -1.89806235 -0.88573641
-2.12441683 -1.89898527 -0.95268178
-2.12647080 -1.89991081 -0.41125709
-2.12565923 -1.89954507 -0.68313801
-2.12510896 -1.89929712 -0.56024170
-2.12361741 -1.89862502 -0.71406490
-2.12410998 -1.89884698 -0.62076861
-2.12433934 -1.89895034 -0.79146445
-2.12715626 -1.90018451 -0.93682736
-2.12971854 -1.90113878 -0.14119722
-2.13212109 -1.90203345 -0.13082808
-2.12968874 -1.90112770 -0.20905320
-2.12932372 -1.90099168 -0.37476560
-2.12892151 -1.90084195 -0.48452312
-2.12939382 -1.90101779 -0.40316826
-2.12801909 -1.90050578 -0.14026728
-2.12629986 -1.89983368 -0.13450226
-2.12309742 -1.89839077 -0.36145666
-2.12335515 -1.89850688 -0.51276177
-2.12235475 -1.89805615 -0.66031301
-2.12302804 -1.89835954 -0.59109753
-2.12544179 -1.89944720 -0.13031434
-2.12593961 -1.89967144 -0.14741206
-2.12130356 -1.89758253 -0.72653097
-2.11873341 -1.89621210 -0.99402374
-2.11873913 -1.89621508 -0.83308071
-2.11781120 -1.89572001 -0.46563423
-2.11624908 -1.89488637 -0.56990933
-2.11743617 -1.89551985 -0.59854525
-2.11930323 -1.89651620 -1.02161443
-2.11793399 -1.89578545 -0.75820237
-2.11678553 -1.89517272 -0.32704705
-2.12093949 -1.89738929 -0.50894397
-2.12041044 -1.89710701 -0.66281778
-2.12014461 -1.89696515 -0.57003981
-2.12025046 -1.89702165 -0.13614026
-2.11934853 -1.89654028 -0.68340713
-2.12004614 -1.89691257 -0.53021795
-2.11933374 -1.89653242 -0.52088791
-2.11834168 -1.89600301 -0.44120559
-2.13639188 -1.73470974 -1.02400017
-2.12465024 -1.73991048 -1.02400017
-2.11859465 -1.74411893 -1.02400017
-2.08844686 -1.78246224 -1.02400017
-2.10804248 -1.75554240 -1.02400017
-2.13012195 -1.76508224 -1.02400017
-2.15734863 -1.73375571 -1.02400017
-2.12793803 -1.76657009 -1.02400017
-2.11527443 -1.77422154 -1.02400017
-2.08167577 -1.78174222 -1.02400017
-2.11093140 -1.78784239 -1.02400017
-2.15400100 -1.76275969 -1.02400017
-2.12222981 -1.78359663 -1.02400017
-2.10813236 -1.77932894 -1.02400017
-2.07965660 -1.80232763 -1.02400017
-2.15595293 -1.76661384 -1.02400017
-2.23732805 -1.78011000 -1.02400017
-2.23672318 -1.78545904 -1.02400017
-2.07970834 -1.84981751 -1.02400017
-2.08051324 -1.84220386 -1.02400017
-2.21220636 -1.75257015 -1.02400017
-2.22960854 -1.78171325 -1.02400017
-2.23348165 -1.81592214 -1.02400017
-2.23228598 -1.80603361 -1.02400017
-2.22077632 -1.81183183 -1.02400017
-2.21697211 -1.77586162 -1.02400017
-2.21541739 -1.77969992 -1.02400017
-2.09506321 -1.86565638 -1.02400017
-2.10846686 -1.87314355 -1.02400017
-2.07881474 -1.83284819 -1.02400017
-2.09892607 -1.87923586 -1.02400017
-2.20997882 -1.87580490 -1.02400017
-2.21131516 -1.87359345 -1.02400017
-2.21633339 -1.85072291 -1.02400017
-2.20934296 -1.84979379 -1.02400017
-2.20948768 -1.84020495 -1.02400017
-2.21044064 -1.87254846 -1.02400017
-2.14729285 -1.85536170 -1.02400017
-2.20071602 -1.79125810 -1.02400017
-2.19411755 -1.88316488 -1.02400017
-2.17872024 -1.82427669 -1.02400017
-2.12242317 -1.84241652 -1.02400017
-2.18169117 -1.82400799 -1.02400017
-2.16190934 -1.79006803 -1.02400017
-2.15340519 -1.80456281 -1.02400017
-2.10742092 -1.81467545 -1.02400017
-2.16822171 -1.81205058 -1.02400017
-2.14257741 -1.82013690 -1.02400017
-2.17010450 -1.83082247 -1.02400017
-2.13823295 -1.83896053 -1.02400017
-2.16733360 -1.85733092 -1.02400017
-2.20266604 -1.83486903 -1.02400017
-2.13870692 -1.80347335 -1.02400017
-2.18161273 -1.84016526 -1.02400017
-2.14837313 -1.80451214 -1.02400017
-2.12239194 -1.80038524 -1.02400017
-2.18312907 -1.83188748 -1.02400017
-2.14997959 -1.83537889 -1.02400017
-2.17845964 -1.77515221 -1.02400017
-2.17883468 -1.81560624 -1.02400017
-2.18449140 -1.76953447 -1.02400017
-2.18458176 -1.88213646 -1.02400017
-2.19393349 -1.84309208 -1.02400017
-2.19692469 -1.76393342 -1.02400017
-2.15880561 -1.77013540 -1.02400017
-2.18474150 -1.82520998 -1.02400017
-2.13851070 -1.79918396 -1.02400017
-2.14088988 -1.85345113 -1.02400017
-2.09987330 -1.84302831 -1.02400017
-2.14598441 -1.88627851 -1.02400017
-2.12225080 -1.88108051 -1.02400017
-2.10379815 -1.84495473 -1.02400017
-2.15272284 -1.89664841 -1.02400017
-2.08050942 -1.81934679 -1.02400017
-2.10346031 -1.83240068 -1.02400017
-2.12303090 -1.85130715 -1.02400017
-2.19558883 -1.89753056 -1.02400017
-2.10976839 -1.83995068 -1.02400017
-2.17148113 -1.90175915 -1.02400017
-2.17456961 -1.89835858 -1.02400017
-2.23082185 -1.77373564 -0.11150007
-2.23993349 -1.78741741 -0.11150007
-2.23900390 -1.85747755 -0.11150007
-2.20387697 -1.88696396 -0.11150007
-2.18504739 -1.89951885 -0.11150007
-2.19413543 -1.84883869 -0.11150007
-2.24760842 -1.80277514 -0.11150007
-2.16298223 -1.87203968 -0.11150007
-2.23958611 -1.82392299 -0.11150007
-2.20434499 -1.85825717 -0.11150007
-2.22934985 -1.85593867 -0.11150007
-2.23830462 -1.83945072 -0.11150007
-2.21365404 -1.85743988 -0.11150007
-2.17413473 -1.88689220 -0.11150007
-2.21479607 -1.87397933 -0.11150007
-2.23582244 -1.84444618 -0.11150007
-2.21904159 -1.83746684 -0.11150007
-2.17763638 -1.89023113 -0.11150007
-2.15545177 -1.89713705 -0.11150007
-2.16165972 -1.89633238 -0.11150007
-2.08012366 -1.78182149 -0.11150007
-2.23104239 -1.78154266 -0.11150007
-2.14826441 -1.82699895 -0.11150007
-2.13467526 -1.85952616 -0.11150007
-2.16686869 -1.84390092 -0.11150007
-2.23533487 -1.79880774 -0.11150007
-2.18669105 -1.79661202 -0.11150007
-2.17714286 -1.80284154 -0.11150007
-2.18079209 -1.80043471 -0.11150007
-2.11860108 -1.87083459 -0.11150007
-2.18367195 -1.82519472 -0.11150007
-2.14435005 -1.85158396 -0.11150007
-2.19649935 -1.77676857 -0.11150007
-2.20912528 -1.79402554 -0.11150007
-2.23110962 -1.79637706 -0.11150007
-2.19538498 -1.78581345 -0.11150007
-2.18645573 -1.75515819 -0.11150007
-2.18220115 -1.80318594 -0.11150007
-2.19148660 -1.79822671 -0.11150007
-2.16769671 -1.82239652 -0.11150007
-2.19326639 -1.81969392 -0.11150007
-2.18289447 -1.76463866 -0.11150007
-2.22714591 -1.81321788 -0.11150007
-2.15387535 -1.73404801 -0.11150007
-2.15368962 -1.76411927 -0.11150007
-2.15638614 -1.77545226 -0.11150007
-2.16272545 -1.75866759 -0.11150007
-2.16283560 -1.74999130 -0.11150007
-2.17428756 -1.75182223 -0.11150007
-2.13240576 -1.80307555 -0.11150007
-2.18220830 -1.75289595 -0.11150007
-2.14209747 -1.79892588 -0.11150007
-2.15336823 -1.74775922 -0.11150007
-2.14643049 -1.76802516 -0.11150007
-2.22079635 -1.82383931 -0.11150007
-2.11810875 -1.88138056 -0.11150007
-2.11405063 -1.89032114 -0.11150007
-2.12788749 -1.87076664 -0.11150007
-2.21596766 -1.82451856 -0.11150007
-2.17040348 -1.84748042 -0.11150007
-2.12920189 -1.88266098 -0.11150007
-2.08249712 -1.78829682 -0.11150007
-2.08606696 -1.80217910 -0.11150007
-2.08451390 -1.81128716 -0.11150007
-2.12946081 -1.77646279 -0.11150007
-2.08745241 -1.82947755 -0.11150007
-2.08868217 -1.85494316 -0.11150007
-2.10520005 -1.82993877 -0.11150007
-2.08686900 -1.85758770 -0.11150007
-2.11106038 -1.83613920 -0.11150007
-2.11795068 -1.79220307 -0.11150007
-2.09564209 -1.85307312 -0.11150007
-2.08155370 -1.84038997 -0.11150007
-2.09649277 -1.78779483 -0.11150007
-2.11106515 -1.77563524 -0.11150007
-2.10606790 -1.75712276 -0.11150007
-2.12792158 -1.73889911 -0.11150007
-2.10664868 -1.76927555 -0.11150007
